2755.00,0.00,0.00,0.00,0.00,0.00,0.00,0.40,-1.00,0.40
2759.00,6.40,0.00,6.40,1.60,0.00,1.60,0.40,0.00,0.40
2763.00,35.20,0.00,19.20,7.20,0.00,3.20,1.40,0.00,0.40
2767.00,70.40,16.00,38.40,8.80,4.00,4.80,0.40,1.00,0.40
2771.00,112.00,48.00,64.00,10.40,8.00,6.40,0.40,1.00,0.40
2776.00,174.00,138.00,106.00,12.40,18.00,8.40,0.40,2.00,0.40
2781.00,246.00,278.00,158.00,14.40,28.00,10.40,0.40,2.00,0.40
2785.00,310.00,422.00,206.00,16.00,36.00,12.00,0.40,2.00,0.40
2789.00,380.40,598.00,260.40,17.60,44.00,13.60,0.40,2.00,0.40
2794.00,453.39,893.00,338.39,14.60,59.00,15.60,-0.60,3.00,0.40
2798.00,518.19,1161.00,407.19,16.20,67.00,17.20,0.40,2.00,0.40
2802.00,573.39,1461.00,482.39,13.80,75.00,18.80,-0.60,2.00,0.40
2807.00,627.39,1911.00,586.39,10.80,90.00,20.80,-0.60,3.00,0.40
2811.00,660.99,2303.00,675.99,8.40,98.00,22.40,-0.60,2.00,0.40
2817.00,725.79,2963.00,824.79,10.80,110.00,24.80,0.40,2.00,0.40
2821.00,775.39,3435.00,930.39,12.40,118.00,26.40,0.40,2.00,0.40
2825.00,831.38,3923.00,1042.38,14.00,122.00,28.00,0.40,1.00,0.40
2830.00,911.38,4558.00,1192.38,16.00,127.00,30.00,0.40,1.00,0.40
2834.00,981.78,5082.00,1318.78,17.60,131.00,31.60,0.40,1.00,0.40
2839.00,1079.78,5737.00,1486.78,19.60,131.00,33.60,0.40,0.00,0.40
2843.00,1164.58,6261.00,1627.58,21.20,131.00,35.20,0.40,0.00,0.40
2848.00,1280.57,6916.00,1813.57,23.20,131.00,37.20,0.40,0.00,0.40
2852.00,1379.77,7440.00,1968.77,24.80,131.00,38.80,0.40,0.00,0.40
2857.00,1513.77,8095.00,2172.77,26.80,131.00,40.80,0.40,0.00,0.40
2862.00,1657.76,8750.00,2386.76,28.80,131.00,42.80,0.40,0.00,0.40
2867.00,1836.76,9380.00,2610.76,35.80,126.00,44.80,1.40,-1.00,0.40
2871.00,2002.36,9868.00,2796.36,41.40,122.00,46.40,1.40,-1.00,0.40
2876.00,2244.35,10453.00,3038.35,48.40,117.00,48.40,1.40,-1.00,0.40
2880.00,2460.35,10905.00,3238.35,54.00,113.00,50.00,1.40,-1.00,0.40
2885.00,2765.35,11470.00,3523.35,61.00,113.00,57.00,1.40,0.00,1.40
2890.00,3031.74,11906.00,3757.74,66.60,109.00,58.60,1.40,-1.00,0.40
2894.00,3320.54,12326.00,3998.54,72.20,105.00,60.20,1.40,-1.00,0.40
2899.00,3716.54,12851.00,4309.54,79.20,105.00,62.20,1.40,0.00,0.40
2904.00,4147.53,13351.00,4630.53,86.20,100.00,64.20,1.40,-1.00,0.40
2909.00,4613.53,13826.00,4961.53,93.20,95.00,66.20,1.40,-1.00,0.40
2913.00,4992.72,14190.00,5232.72,94.80,91.00,67.80,0.40,-1.00,0.40
2918.00,5476.72,14620.00,5581.72,96.80,86.00,69.80,0.40,-1.00,0.40
2922.00,5870.31,14964.00,5867.31,98.40,86.00,71.40,0.40,0.00,0.40
2927.00,6372.31,15394.00,6234.31,100.40,86.00,73.40,0.40,0.00,0.40
2931.00,6780.30,15738.00,6534.30,102.00,86.00,75.00,0.40,0.00,0.40
2936.00,7300.30,16168.00,6919.30,104.00,86.00,77.00,0.40,0.00,0.40
2940.00,7706.69,16512.00,7233.69,101.60,86.00,78.60,-0.60,0.00,0.40
2946.00,8330.69,17028.00,7719.69,104.00,86.00,81.00,0.40,0.00,0.40
2951.00,8860.68,17483.00,8134.68,106.00,91.00,83.00,0.40,1.00,0.40
2955.00,9291.08,17863.00,8473.08,107.60,95.00,84.60,0.40,1.00,0.40
2960.00,9814.07,18338.00,8906.07,104.60,95.00,86.60,-0.60,0.00,0.40
2964.00,10222.87,18718.00,9258.87,102.20,95.00,88.20,-0.60,0.00,0.40
2969.00,10718.86,19193.00,9709.86,99.20,95.00,90.20,-0.60,0.00,0.40
2973.00,11106.05,19573.00,10077.05,96.80,95.00,91.80,-0.60,0.00,0.40
2978.00,11575.05,20048.00,10546.05,93.80,95.00,93.80,-0.60,0.00,0.40
2982.00,11940.64,20428.00,10927.64,91.40,95.00,95.40,-0.60,0.00,0.40
2988.00,12467.43,20998.00,11514.43,87.80,95.00,97.80,-0.60,0.00,0.40
2993.00,12891.42,21473.00,12013.42,84.80,95.00,99.80,-0.60,0.00,0.40
2997.00,13221.02,21853.00,12419.02,82.40,95.00,101.40,-0.60,0.00,0.40
3002.00,13618.01,22328.00,12936.01,79.40,95.00,103.40,-0.60,0.00,0.40
3006.00,13926.00,22708.00,13356.00,77.00,95.00,105.00,-0.60,0.00,0.40
3011.00,14296.00,23183.00,13891.00,74.00,95.00,107.00,-0.60,0.00,0.40
3016.00,14650.99,23658.00,14435.99,71.00,95.00,109.00,-0.60,0.00,0.40
3020.00,14925.38,24038.00,14878.38,68.60,95.00,110.60,-0.60,0.00,0.40
3025.00,15278.37,24513.00,15441.37,70.60,95.00,112.60,0.40,0.00,0.40
3031.00,15680.37,25083.00,16131.37,67.00,95.00,115.00,-0.60,0.00,0.40
3035.00,15938.76,25463.00,16613.76,64.60,95.00,120.60,-0.60,0.00,1.40
3040.00,16271.75,25938.00,17226.75,66.60,95.00,122.60,0.40,0.00,0.40
3044.00,16544.54,26318.00,17723.54,68.20,95.00,124.20,0.40,0.00,0.40
3049.00,16895.53,26793.00,18354.53,70.20,95.00,126.20,0.40,0.00,0.40
3054.00,17256.52,27268.00,18995.52,72.20,95.00,128.20,0.40,0.00,0.40
3058.00,17551.72,27648.00,19514.72,73.80,95.00,129.80,0.40,0.00,0.40
3063.00,17955.71,28123.00,20173.71,80.80,95.00,131.80,1.40,0.00,0.40
3067.00,18301.30,28503.00,20723.30,86.40,95.00,137.40,1.40,0.00,1.40
3073.00,18870.09,29073.00,21562.09,94.80,95.00,139.80,1.40,0.00,0.40
3078.00,19379.08,29548.00,22296.08,101.80,95.00,146.80,1.40,0.00,1.40
3082.00,19808.67,29928.00,22889.67,107.40,95.00,148.40,1.40,0.00,0.40
3087.00,20380.66,30403.00,23641.66,114.40,95.00,150.40,1.40,0.00,0.40
3092.00,20987.65,30878.00,24403.65,121.40,95.00,152.40,1.40,0.00,0.40
3096.00,21495.64,31258.00,25019.64,127.00,95.00,154.00,1.40,0.00,0.40
3101.00,22165.63,31758.00,25799.63,134.00,100.00,156.00,1.40,1.00,0.40
3106.00,22870.62,32258.00,26589.62,141.00,100.00,158.00,1.40,0.00,0.40
3110.00,23457.01,32674.00,27228.01,146.60,104.00,159.60,1.40,1.00,0.40
3116.00,24387.00,33298.00,28200.00,155.00,104.00,162.00,1.40,0.00,0.40
3121.00,25196.99,33843.00,29019.99,162.00,109.00,164.00,1.40,1.00,0.40
3125.00,25867.38,34295.00,29682.38,167.60,113.00,165.60,1.40,1.00,0.40
3130.00,26740.37,34885.00,30520.37,174.60,118.00,167.60,1.40,1.00,0.40
3135.00,27623.36,35500.00,31368.36,176.60,123.00,169.60,0.40,1.00,0.40
3140.00,28516.34,36140.00,32226.34,178.60,128.00,171.60,0.40,1.00,0.40
3144.00,29237.14,36652.00,32919.13,180.20,128.00,173.20,0.40,0.00,0.40
3149.00,30148.12,37292.00,33795.12,182.20,128.00,175.20,0.40,0.00,0.40
3154.00,31069.11,37932.00,34681.11,184.20,128.00,177.20,0.40,0.00,0.40
3159.00,32000.10,38572.00,35577.10,186.20,128.00,179.20,0.40,0.00,0.40
3164.00,32941.08,39212.00,36483.08,188.20,128.00,181.20,0.40,0.00,0.40
3169.00,33892.07,39852.00,37399.07,190.20,128.00,183.20,0.40,0.00,0.40
3174.00,34659.26,40364.00,38138.26,191.80,128.00,184.80,0.40,0.00,0.40
3178.00,35432.85,40876.00,38883.85,193.40,128.00,186.40,0.40,0.00,0.40
3183.00,36409.84,41516.00,39825.84,195.40,128.00,188.40,0.40,0.00,0.40
3188.00,37396.83,42156.00,40777.83,197.40,128.00,190.40,0.40,0.00,0.40
3192.00,38192.82,42668.00,41545.82,199.00,128.00,192.00,0.40,0.00,0.40
3197.00,39197.81,43283.00,42515.81,201.00,123.00,194.00,0.40,-1.00,0.40
3203.00,40418.19,44021.00,43694.19,203.40,123.00,196.40,0.40,0.00,0.40
3207.00,41238.18,44513.00,44486.18,205.00,123.00,198.00,0.40,0.00,0.40
3212.00,42273.16,45128.00,45486.16,207.00,123.00,200.00,0.40,0.00,0.40
3217.00,43318.15,45743.00,46496.15,209.00,123.00,202.00,0.40,0.00,0.40
3221.00,44160.54,46251.00,47326.54,210.60,127.00,207.60,0.40,1.00,1.40
3226.00,45198.52,46911.00,48374.52,207.60,132.00,209.60,-0.60,1.00,0.40
3231.00,46221.51,47621.00,49432.51,204.60,142.00,211.60,-0.60,2.00,0.40
3236.00,47229.49,48406.00,50500.49,201.60,157.00,213.60,-0.60,3.00,0.40
3240.00,48010.28,49082.00,51345.28,195.20,169.00,211.20,-1.60,3.00,-0.60
3246.00,49087.86,50204.00,52626.86,179.60,187.00,213.60,-2.60,3.00,0.40
3251.00,49920.85,51214.00,53679.85,166.60,202.00,210.60,-2.60,3.00,-0.60
3256.00,50688.83,52299.00,54717.83,153.60,217.00,207.60,-2.60,3.00,-0.60
3260.00,51261.62,53215.00,55538.62,143.20,229.00,205.20,-2.60,3.00,-0.60
3265.00,51912.60,54435.00,56574.60,130.20,244.00,207.20,-2.60,3.00,0.40
3270.00,52498.59,55705.00,57620.59,117.20,254.00,209.20,-2.60,2.00,0.40
3275.00,53019.57,57025.00,58676.57,104.20,264.00,211.20,-2.60,2.00,0.40
3279.00,53394.76,58097.00,59527.76,93.80,268.00,212.80,-2.60,1.00,0.40
3284.00,53798.75,59437.00,60601.75,80.80,268.00,214.80,-2.60,0.00,0.40
3290.00,54225.92,61045.00,61940.92,71.20,268.00,223.20,-1.60,0.00,1.40
3294.00,54485.11,62085.00,62840.11,64.80,260.00,224.80,-1.60,-2.00,0.40
3299.00,54794.10,63310.00,63974.10,61.80,245.00,226.80,-0.60,-3.00,0.40
3304.00,55113.08,64410.00,65093.08,63.80,220.00,223.80,0.40,-5.00,-0.60
3309.00,55390.67,65194.00,65994.67,69.40,196.00,225.40,1.40,-6.00,0.40
3313.00,55706.66,65882.00,66918.66,79.00,172.00,231.00,2.40,-6.00,1.40
3318.00,56186.64,66567.00,68083.64,96.00,137.00,233.00,3.40,-7.00,0.40
3323.00,56751.62,67052.00,69258.63,113.00,97.00,235.00,3.40,-8.00,0.40
3328.00,57426.61,67362.00,70468.61,135.00,62.00,242.00,4.40,-7.00,1.40
3333.00,58261.59,67497.00,71738.60,167.00,27.00,254.00,6.40,-7.00,2.40
3338.00,59256.57,67407.00,73018.58,199.00,-18.00,256.00,6.40,-9.00,0.40
3342.00,60154.96,67207.00,74048.96,224.60,-50.00,257.60,6.40,-8.00,0.40
3347.00,61437.94,66757.00,75396.95,256.60,-90.00,269.60,6.40,-8.00,2.40
3352.00,62880.92,66107.00,76829.93,288.60,-130.00,286.60,6.40,-8.00,3.40
3357.00,64458.90,65282.00,78297.92,315.60,-165.00,293.60,5.40,-7.00,1.40
3361.00,65791.69,64542.00,79478.71,333.20,-185.00,295.20,4.40,-5.00,0.40
3366.00,67542.67,63617.00,80989.69,350.20,-185.00,302.20,3.40,0.00,1.40
3372.00,69730.25,62687.00,82889.27,364.60,-155.00,316.60,2.40,5.00,2.40
3377.00,71613.24,62112.00,84532.25,376.60,-115.00,328.60,2.40,8.00,2.40
3381.00,73126.02,61796.00,85853.03,378.20,-79.00,330.20,0.40,9.00,0.40
3386.00,75002.00,61651.00,87489.02,375.20,-29.00,327.20,-0.60,10.00,-0.60
3391.00,76837.99,61831.00,89135.00,367.20,36.00,329.20,-1.60,13.00,0.40
3396.00,78608.97,62386.00,90840.99,354.20,111.00,341.20,-2.60,15.00,2.40
3400.00,79984.16,63086.00,92228.17,343.80,175.00,346.80,-2.60,16.00,1.40
3405.00,81613.14,64336.00,93972.15,325.80,250.00,348.80,-3.60,15.00,0.40
3410.00,83127.11,65961.00,95651.13,302.80,325.00,335.80,-4.60,15.00,-2.60
3416.00,84706.29,68487.00,97608.31,263.20,421.00,326.20,-6.60,16.00,-1.60
3421.00,85907.27,70967.00,99224.28,240.20,496.00,323.20,-4.60,15.00,-0.60
3425.00,86794.46,73239.00,100571.47,221.80,568.00,336.80,-4.60,18.00,3.40
3430.00,87763.43,76479.00,102365.45,193.80,648.00,358.80,-5.60,16.00,4.40
3435.00,88592.41,80094.00,104294.42,165.80,723.00,385.80,-5.60,15.00,5.40
3440.00,89356.39,83984.00,106358.40,152.80,778.00,412.80,-2.60,11.00,5.40
3445.00,90080.36,88074.00,108582.38,144.80,818.00,444.80,-1.60,8.00,6.40
3449.00,90649.95,91426.00,110479.96,142.40,838.00,474.40,-0.60,5.00,7.40
3454.00,91346.92,95666.00,112961.94,139.40,848.00,496.40,-0.60,2.00,4.40
3460.00,92125.70,100754.00,116062.71,129.80,848.00,516.80,-1.60,0.00,3.40
3465.00,92709.67,104944.00,118706.69,116.80,838.00,528.80,-2.60,-2.00,2.40
3470.00,93228.65,109084.00,121385.67,103.80,828.00,535.80,-2.60,-2.00,1.40
3475.00,93682.63,113199.00,124099.64,90.80,823.00,542.80,-2.60,-1.00,1.40
3479.00,94020.21,116427.00,126293.23,84.40,807.00,548.40,-1.60,-4.00,1.40
3484.00,94452.19,120337.00,129020.21,86.40,782.00,545.40,0.40,-5.00,-0.60
3489.00,94894.17,124147.00,131732.18,88.40,762.00,542.40,0.40,-4.00,-0.60
3494.00,95346.14,127807.00,134479.17,90.40,732.00,549.40,0.40,-6.00,1.40
3500.00,95938.92,132055.00,137789.93,98.80,708.00,551.80,1.40,-4.00,0.40
3504.00,96292.50,134791.00,140051.51,88.40,684.00,565.40,-2.60,-6.00,3.40
3509.00,96719.47,138236.00,142963.50,85.40,689.00,582.40,-0.60,1.00,3.40
3514.00,97131.45,141606.00,145960.48,82.40,674.00,599.40,-0.60,-3.00,3.40
3519.00,97578.42,144926.00,148992.46,89.40,664.00,606.40,1.40,-2.00,1.40
3523.00,97958.41,147566.00,151456.45,95.00,660.00,616.00,1.40,-1.00,2.40
3528.00,98443.39,150816.00,154621.43,97.00,650.00,633.00,0.40,-2.00,3.40
3533.00,98938.36,154041.00,157821.42,99.00,645.00,640.00,0.40,-1.00,1.40
3538.00,99468.34,157191.00,161081.40,106.00,630.00,652.00,1.40,-3.00,2.40
3544.00,100108.32,160316.00,164351.39,128.00,625.00,654.00,4.40,-1.00,0.40
3548.00,100690.70,162720.00,166941.76,145.60,601.00,647.60,4.40,-6.00,-1.60
3553.00,101503.67,165600.00,170089.75,162.60,576.00,629.60,3.40,-5.00,-3.60
3558.00,102401.65,168355.00,173172.73,179.60,551.00,616.60,3.40,-5.00,-2.60
3563.00,103384.63,170960.00,176165.71,196.60,521.00,598.60,3.40,-6.00,-3.60
3568.00,104427.60,173515.00,179143.70,208.60,511.00,595.60,2.40,-2.00,-0.60
3573.00,105505.58,176020.00,182056.68,215.60,501.00,582.60,1.40,-2.00,-2.60
3578.00,106593.56,178425.00,184879.67,217.60,481.00,564.60,0.40,-4.00,-3.60
3582.00,107470.34,180285.00,187096.45,219.19,465.00,554.20,0.40,-4.00,-2.60
3588.00,108835.91,182967.00,190400.03,227.59,447.00,550.60,1.40,-3.00,-0.60
3593.00,110008.89,185127.00,193138.00,234.59,432.00,547.60,1.40,-3.00,-0.60
3598.00,111216.86,187212.00,195860.96,241.59,417.00,544.60,1.40,-3.00,-0.60
3603.00,112459.84,189222.00,198568.93,248.59,402.00,541.60,1.40,-3.00,-0.60
3608.00,113762.82,191157.00,201286.90,260.59,387.00,543.60,2.40,-3.00,0.40
3613.00,115125.79,193017.00,204014.87,272.59,372.00,545.60,2.40,-3.00,0.40
3617.00,116254.57,194473.00,206203.65,282.19,364.00,547.20,2.40,-2.00,0.40
3622.00,117750.55,196268.00,208974.62,299.19,359.00,554.20,3.40,-1.00,1.40
3628.00,119668.12,198386.00,212386.20,319.59,353.00,568.60,3.40,-1.00,2.40
3633.00,121351.10,200176.00,215289.17,336.59,358.00,580.60,3.40,1.00,2.40
3638.00,123094.07,202016.00,218252.14,348.59,368.00,592.60,2.40,2.00,2.40
3643.00,124897.05,203931.00,221250.10,360.59,383.00,599.60,2.40,3.00,1.40
3647.00,126377.83,205543.00,223686.89,370.19,403.00,609.20,2.40,5.00,2.40
3652.00,128263.81,207683.00,226792.85,377.19,428.00,621.20,1.40,5.00,2.40
3657.00,130184.78,209973.00,229933.82,384.19,458.00,628.20,1.40,6.00,1.40
3662.00,132115.75,212438.00,233109.79,386.19,493.00,635.20,0.40,7.00,1.40
3667.00,134031.71,215078.00,236320.76,383.19,528.00,642.20,-0.60,7.00,1.40
3673.00,136309.28,218498.00,240224.34,379.59,570.00,650.60,-0.60,7.00,1.40
3678.00,138167.25,221523.00,243487.31,371.59,605.00,652.60,-1.60,7.00,0.40
3682.00,139628.03,224039.00,246104.09,365.19,629.00,654.20,-1.60,6.00,0.40
3687.00,141414.00,227259.00,249385.06,357.19,644.00,656.20,-1.60,3.00,0.40
3692.00,143159.96,230529.00,252651.03,349.19,654.00,653.20,-1.60,2.00,-0.60
3697.00,144890.93,233824.00,255927.00,346.19,659.00,655.20,-0.60,1.00,0.40
3702.00,146581.90,237119.00,259212.96,338.19,659.00,657.20,-1.60,0.00,0.40
3707.00,148232.87,240389.00,262508.93,330.19,654.00,659.20,-1.60,-1.00,0.40
3712.00,149868.84,243584.00,265789.90,327.19,639.00,656.20,-0.60,-3.00,-0.60
3717.00,151489.81,246704.00,269105.87,324.19,624.00,663.20,-0.60,-3.00,1.40
3722.00,153120.78,249724.00,272456.84,326.19,604.00,670.20,0.40,-4.00,1.40
3727.00,154761.75,252644.00,275817.81,328.19,584.00,672.20,0.40,-4.00,0.40
3732.00,156412.71,255464.00,279188.78,330.19,564.00,674.20,0.40,-4.00,0.40
3737.00,158073.68,258134.00,282569.75,332.19,534.00,676.20,0.40,-6.00,0.40
3742.00,159794.65,260679.00,285960.71,344.19,509.00,678.20,2.40,-5.00,0.40
3747.00,161209.82,262619.00,288679.90,353.79,485.00,679.80,2.40,-6.00,0.40
3751.00,162663.40,264447.00,291405.50,363.39,457.00,681.40,2.40,-7.00,0.40
3757.00,164930.17,266937.00,295508.28,377.79,415.00,683.79,2.40,-7.00,0.40
3762.00,166879.14,268812.00,298937.25,389.79,375.00,685.79,2.40,-8.00,0.40
3767.00,168863.10,270512.00,302376.21,396.79,340.00,687.79,1.40,-7.00,0.40
3772.00,170882.07,272087.00,305850.18,403.79,315.00,694.79,1.40,-5.00,1.40
3777.00,172936.04,273562.00,309359.15,410.79,295.00,701.79,1.40,-4.00,1.40
3781.00,174585.62,274678.00,312172.75,412.39,279.00,703.39,0.40,-4.00,0.40
3786.00,176607.59,276048.00,315724.71,404.39,274.00,710.39,-1.60,-1.00,1.40
3791.00,178614.56,277468.00,319286.68,401.39,284.00,712.39,-0.60,2.00,0.40
3796.00,180606.53,279013.00,322858.65,398.39,309.00,714.39,-0.60,5.00,0.40
3802.00,183011.29,281155.00,327195.43,400.79,357.00,722.79,0.40,8.00,1.40
3807.00,185000.26,283165.00,330819.40,397.79,402.00,724.79,-0.60,9.00,0.40
3812.00,186974.23,285400.00,334428.37,394.79,447.00,721.79,-0.60,9.00,-0.60
3816.00,188543.81,287300.00,337289.96,392.39,475.00,715.39,-0.60,7.00,-1.60
3821.00,190490.78,289825.00,340801.93,389.39,505.00,702.39,-0.60,6.00,-2.60
3826.00,192422.75,292525.00,344273.90,386.39,540.00,694.39,-0.60,7.00,-1.60
3831.00,194314.71,295400.00,347730.87,378.39,575.00,691.39,-1.60,7.00,-0.60
3836.00,196191.68,298425.00,351172.84,375.39,605.00,688.39,-0.60,6.00,-0.60
3842.00,198422.45,302235.00,355317.62,371.79,635.00,690.79,-0.60,5.00,0.40
3847.00,200291.42,305510.00,358781.59,373.79,655.00,692.79,0.40,4.00,0.40
3851.00,201793.00,308178.00,361575.18,375.39,667.00,698.39,0.40,3.00,1.40
3856.00,203679.96,311563.00,365102.15,377.39,677.00,705.39,0.40,2.00,1.40
3861.00,205576.93,314998.00,368664.12,379.39,687.00,712.39,0.40,2.00,1.40
3866.00,207508.90,318433.00,372261.09,386.39,687.00,719.39,1.40,0.00,1.40
3871.00,209475.87,321868.00,375943.06,393.39,687.00,736.39,1.40,0.00,3.40
3876.00,211477.84,325278.00,379685.03,400.39,682.00,748.39,1.40,-1.00,2.40
3880.00,213101.81,327974.00,382717.00,405.99,674.00,757.99,1.40,-2.00,2.40
3886.00,215624.17,331910.00,387315.37,420.39,656.00,766.39,2.40,-3.00,1.40
3891.00,217786.14,335090.00,391182.34,432.39,636.00,773.39,2.40,-4.00,1.40
3896.00,220008.10,338245.00,395134.31,444.39,631.00,790.39,2.40,-1.00,3.40
3901.00,222290.07,341350.00,399196.28,456.39,621.00,812.39,2.40,-2.00,4.40
3906.00,224632.04,344380.00,403343.25,468.39,606.00,829.39,2.40,-3.00,3.40
3911.00,227009.01,347335.00,407575.21,475.39,591.00,846.39,1.40,-3.00,3.40
3915.00,228932.98,349667.00,410983.18,480.99,583.00,851.99,1.40,-2.00,1.40
3920.00,231372.95,352582.00,415278.15,487.99,583.00,858.99,1.40,0.00,1.40
3926.00,234315.31,356044.00,420482.53,490.39,577.00,867.39,0.40,-1.00,1.40
3931.00,236752.28,358854.00,424779.50,487.39,562.00,859.39,-0.60,-3.00,-1.60
3936.00,239124.25,361614.00,429061.46,474.39,552.00,856.39,-2.60,-2.00,-0.60
3941.00,241431.21,364399.00,433328.43,461.39,557.00,853.39,-2.60,1.00,-0.60
3946.00,243698.18,367284.00,437630.40,453.39,577.00,860.39,-1.60,4.00,1.40
3950.00,245470.15,369688.00,441094.37,442.99,601.00,865.99,-2.60,6.00,1.40
3955.00,247620.12,372843.00,445459.34,429.99,631.00,872.99,-2.60,6.00,1.40
3960.00,249705.09,376098.00,449859.31,416.99,651.00,879.99,-2.60,4.00,1.40
3965.00,251725.06,379453.00,454269.28,403.99,671.00,881.99,-2.60,4.00,0.40
3971.00,254127.42,383551.00,459611.65,400.39,683.00,890.39,-0.60,2.00,1.40
3976.00,256114.39,386991.00,464073.62,397.39,688.00,892.39,-0.60,1.00,0.40
3981.00,258086.35,390431.00,468570.59,394.39,688.00,899.39,-0.60,0.00,1.40
3985.00,259670.32,393183.00,472174.56,395.99,688.00,900.99,0.40,0.00,0.40
3990.00,261660.29,396598.00,476714.53,397.99,683.00,907.99,0.40,-1.00,1.40
3995.00,263685.25,399963.00,481289.50,404.99,673.00,914.99,1.40,-2.00,1.40
4000.00,265745.21,403278.00,485874.46,411.99,663.00,916.99,1.40,-2.00,0.40
4005.00,267865.18,406543.00,490494.43,423.99,653.00,923.99,2.40,-2.00,1.40
4011.00,270495.53,410353.00,496088.81,438.39,635.00,932.39,2.40,-3.00,1.40
4016.00,272747.50,413478.00,500785.78,450.39,625.00,939.39,2.40,-2.00,1.40
4020.00,274603.46,415946.00,504581.75,463.99,617.00,948.99,3.40,-2.00,2.40
4025.00,277008.43,419006.00,509336.71,480.99,612.00,950.99,3.40,-1.00,0.40
4030.00,279473.40,422041.00,514126.68,492.99,607.00,957.99,2.40,-1.00,1.40
4035.00,281998.37,425051.00,518926.65,504.99,602.00,959.99,2.40,-1.00,0.40
4040.00,284558.34,428036.00,523736.62,511.99,597.00,961.99,1.40,-1.00,0.40
4045.00,287153.31,431021.00,528556.62,518.99,597.00,963.99,1.40,0.00,0.40
4050.00,289758.28,434056.00,533386.62,520.99,607.00,965.99,0.40,2.00,0.40
4055.00,292373.25,437191.00,538226.62,522.99,627.00,967.99,0.40,4.00,0.40
4060.00,294973.21,440426.00,543101.62,519.99,647.00,974.99,-0.60,4.00,1.40
4065.00,297558.18,443786.00,547986.62,516.99,672.00,976.99,-0.60,5.00,0.40
4070.00,300103.15,447271.00,552881.62,508.99,697.00,978.99,-1.60,5.00,0.40
4075.00,302608.12,450906.00,557786.62,500.99,727.00,980.99,-1.60,6.00,0.40
4080.00,305048.09,454691.00,562701.62,487.99,757.00,982.99,-2.60,6.00,0.40
4085.00,307423.06,458626.00,567601.62,474.99,787.00,979.99,-2.60,6.00,-0.60
4089.00,309297.43,461838.00,571512.00,468.59,803.00,977.59,-1.60,4.00,-0.60
4094.00,311600.40,465928.00,576410.00,460.59,818.00,979.59,-1.60,3.00,0.40
4100.00,314306.34,470908.00,582301.93,450.99,830.00,981.99,-1.60,2.00,0.40
4105.00,316546.31,475083.00,587196.93,447.99,835.00,978.99,-0.60,1.00,-0.60
4110.00,318771.28,479258.00,592076.93,444.99,835.00,975.99,-0.60,0.00,-0.60
4115.00,320981.25,483433.00,596991.93,441.99,835.00,982.99,-0.60,0.00,1.40
4119.00,322739.62,486773.00,600962.31,439.59,835.00,992.59,-0.60,0.00,2.40
4124.00,324947.59,490898.00,605960.31,441.59,825.00,999.59,0.40,-2.00,1.40
4129.00,327190.56,494973.00,610993.31,448.59,815.00,1006.59,1.40,-2.00,1.40
4134.00,329468.53,498998.00,616036.31,455.59,805.00,1008.59,1.40,-2.00,0.40
4140.00,332252.46,503756.00,622138.25,463.99,793.00,1016.99,1.40,-2.00,1.40
4145.00,334632.43,507621.00,627258.25,475.99,773.00,1023.99,2.40,-4.00,1.40
4150.00,337072.40,511361.00,632413.25,487.99,748.00,1030.99,2.40,-5.00,1.40
4155.00,339572.37,514976.00,637578.25,499.99,723.00,1032.99,2.40,-5.00,0.40
4159.00,341626.75,517772.00,641716.62,513.59,699.00,1034.59,3.40,-6.00,0.40
4164.00,344279.71,521142.00,646899.62,530.59,674.00,1036.59,3.40,-5.00,0.40
4169.00,346992.68,524437.00,652117.62,542.59,659.00,1043.59,2.40,-3.00,1.40
4174.00,349765.65,527682.00,657345.62,554.59,649.00,1045.59,2.40,-2.00,0.40
4179.00,352573.62,530902.00,662583.62,561.59,644.00,1047.59,1.40,-1.00,0.40
4185.00,355993.56,534730.00,668883.56,569.99,638.00,1049.99,1.40,-1.00,0.40
4190.00,358828.53,537895.00,674143.56,566.99,633.00,1051.99,-0.60,-1.00,0.40
4195.00,361648.50,541060.00,679388.56,563.99,633.00,1048.99,-0.60,0.00,-0.60
4200.00,364453.46,544225.00,684593.56,560.99,633.00,1040.99,-0.60,0.00,-1.60
4204.00,366671.84,546773.00,688731.93,554.59,637.00,1034.59,-1.60,1.00,-1.60
4209.00,369404.81,550008.00,693864.93,546.59,647.00,1026.59,-1.60,2.00,-1.60
4214.00,372097.78,553318.00,698982.93,538.59,662.00,1023.59,-1.60,3.00,-0.60
4219.00,374750.75,556703.00,704085.93,530.59,677.00,1020.59,-1.60,3.00,-0.60
4225.00,377840.68,560909.00,710187.87,514.99,701.00,1016.99,-2.60,4.00,-0.60
4230.00,380375.65,564489.00,715282.87,506.99,716.00,1018.99,-1.60,3.00,0.40
4235.00,382895.62,568119.00,720387.87,503.99,726.00,1020.99,-0.60,2.00,0.40
4240.00,385400.59,571799.00,725502.87,500.99,736.00,1022.99,-0.60,2.00,0.40
4245.00,387890.56,575529.00,730627.87,497.99,746.00,1024.99,-0.60,2.00,0.40
4250.00,390365.53,579259.00,735787.87,494.99,746.00,1031.99,-0.60,0.00,1.40
4254.00,392335.90,582243.00,739938.25,492.59,746.00,1037.59,-0.60,0.00,1.40
4259.00,394808.87,585973.00,745161.25,494.59,746.00,1044.59,0.40,0.00,1.40
4264.00,397291.84,589678.00,750394.25,496.59,741.00,1046.59,0.40,-1.00,0.40
4270.00,400285.78,594052.00,756688.18,498.99,729.00,1048.99,0.40,-2.00,0.40
4275.00,402815.75,597647.00,761943.12,505.99,719.00,1050.99,1.40,-2.00,0.40
4280.00,405380.71,601192.00,767208.06,512.99,709.00,1052.99,1.40,-2.00,0.40
4285.00,407980.68,604687.00,772483.00,519.99,699.00,1054.99,1.40,-2.00,0.40
4290.00,410099.06,607451.00,776709.37,529.59,691.00,1056.59,2.40,-2.00,0.40
4294.00,412239.81,610199.00,780958.12,535.19,687.00,1062.19,1.40,-1.00,1.40
4299.00,414950.78,613634.00,786304.06,542.19,687.00,1069.19,1.40,0.00,1.40
4304.00,417696.75,617094.00,791660.00,549.19,692.00,1071.19,1.40,1.00,0.40
4310.00,421042.28,621354.00,798173.56,557.59,710.00,1085.59,1.40,3.00,2.40
4315.00,423840.25,624979.00,803686.50,559.59,725.00,1102.59,0.40,3.00,3.40
4320.00,426648.21,628654.00,809234.43,561.59,735.00,1109.59,0.40,2.00,1.40
4325.00,429466.18,632404.00,814817.37,563.59,750.00,1116.59,0.40,3.00,1.40
4330.00,431726.93,635468.00,819338.12,565.19,766.00,1130.19,0.40,4.00,3.40
4334.00,433978.09,638596.00,823897.31,562.79,782.00,1139.79,-0.60,4.00,2.40
4339.00,436777.06,642631.00,829656.25,559.79,807.00,1151.79,-0.60,5.00,2.40
4344.00,439586.03,646791.00,835475.18,561.79,832.00,1163.79,0.40,5.00,2.40
4349.00,442405.00,651051.00,841379.12,563.79,852.00,1180.79,0.40,4.00,3.40
4355.00,445802.15,656271.00,848550.31,566.19,870.00,1195.19,0.40,3.00,2.40
4360.00,448618.12,660646.00,854536.25,563.19,875.00,1197.19,-0.60,1.00,0.40
4365.00,451419.09,664996.00,860507.18,560.19,870.00,1194.19,-0.60,-1.00,-0.60
4370.00,454230.06,669296.00,866463.12,562.19,860.00,1191.19,0.40,-2.00,-0.60
4374.00,456485.21,672704.00,871234.31,563.79,852.00,1192.79,0.40,-2.00,0.40
4379.00,459314.18,676914.00,877208.25,565.79,842.00,1194.79,0.40,-2.00,0.40
4384.00,462153.15,681049.00,883167.18,567.79,827.00,1191.79,0.40,-3.00,-0.60
4389.00,465002.12,685109.00,889136.12,569.79,812.00,1193.79,0.40,-3.00,0.40
4395.00,468435.28,689909.00,896313.31,572.19,800.00,1196.19,0.40,-2.00,0.40
4400.00,471306.25,693859.00,902329.25,574.19,790.00,1203.19,0.40,-2.00,1.40
4405.00,474187.21,697759.00,908380.18,576.19,780.00,1210.19,0.40,-2.00,1.40
4410.00,477103.18,701609.00,914441.12,583.19,770.00,1212.19,1.40,-2.00,0.40
4415.00,480054.15,705409.00,920512.06,590.19,760.00,1214.19,1.40,-2.00,0.40
4420.00,482421.31,708417.00,925375.25,591.79,752.00,1215.79,0.40,-2.00,0.40
4424.00,484794.87,711409.00,930244.81,593.39,748.00,1217.39,0.40,-1.00,0.40
4429.00,487771.81,715124.00,936341.75,595.39,743.00,1219.39,0.40,-1.00,0.40
4434.00,490758.75,718839.00,942448.68,597.39,743.00,1221.39,0.40,0.00,0.40
4440.00,494357.50,723297.00,949791.43,599.79,743.00,1223.79,0.40,0.00,0.40
4445.00,497366.43,727037.00,955920.37,601.79,748.00,1225.79,0.40,1.00,0.40
4450.00,500385.37,730827.00,962059.31,603.79,758.00,1227.79,0.40,2.00,0.40
4455.00,503414.31,734667.00,968233.25,605.79,768.00,1234.79,0.40,2.00,1.40
4459.00,505843.87,737787.00,973194.81,607.39,780.00,1240.39,0.40,3.00,1.40
4464.00,508865.81,741762.00,979406.75,604.39,795.00,1242.39,-0.60,3.00,0.40
4469.00,511872.75,745812.00,985628.68,601.39,810.00,1244.39,-0.60,3.00,0.40
4474.00,514864.68,749937.00,991860.62,598.39,825.00,1246.39,-0.60,3.00,0.40
4480.00,518433.43,754959.00,999353.37,594.79,837.00,1248.79,-0.60,2.00,0.40
4485.00,521417.37,759194.00,1005607.31,596.79,847.00,1250.79,0.40,2.00,0.40
4490.00,524411.31,763479.00,1011871.25,598.79,857.00,1252.79,0.40,2.00,0.40
4495.00,527415.25,767814.00,1018145.18,600.79,867.00,1254.79,0.40,2.00,0.40
4500.00,530429.18,772174.00,1024429.12,602.79,872.00,1256.79,0.40,1.00,0.40
4505.00,533453.12,776534.00,1030748.06,604.79,872.00,1263.79,0.40,0.00,1.40
4509.00,535878.68,780022.00,1035809.62,606.39,872.00,1265.39,0.40,0.00,0.40
4514.00,538920.62,784382.00,1042146.56,608.39,872.00,1267.39,0.40,0.00,0.40
4519.00,541972.56,788717.00,1048493.50,610.39,867.00,1269.39,0.40,-1.00,0.40
4525.00,545649.31,793883.00,1056124.25,612.79,861.00,1271.79,0.40,-1.00,0.40
4530.00,548723.25,798138.00,1062493.25,614.79,851.00,1273.79,0.40,-2.00,0.40
4535.00,551807.18,802343.00,1068872.25,616.79,841.00,1275.79,0.40,-2.00,0.40
4540.00,554901.12,806498.00,1075261.25,618.79,831.00,1277.79,0.40,-2.00,0.40
4545.00,558005.06,810603.00,1081660.25,620.79,821.00,1279.79,0.40,-2.00,0.40
4550.00,561119.00,814658.00,1088069.25,622.79,811.00,1281.79,0.40,-2.00,0.40
4555.00,564267.93,818663.00,1094488.25,629.79,801.00,1283.79,1.40,-2.00,0.40
4560.00,567451.87,822618.00,1100917.25,636.79,791.00,1285.79,1.40,-2.00,0.40
4564.00,570005.43,825750.00,1106066.87,638.39,783.00,1287.39,0.40,-2.00,0.40
4570.00,573850.18,830412.00,1113805.62,640.79,777.00,1289.79,0.40,-1.00,0.40
4575.00,577064.12,834297.00,1120264.62,642.79,777.00,1291.79,0.40,0.00,0.40
4580.00,580288.06,838182.00,1126733.62,644.79,777.00,1293.79,0.40,0.00,0.40
4585.00,583497.00,842092.00,1133212.62,641.79,782.00,1295.79,-0.60,1.00,0.40
4590.00,586715.93,846027.00,1139701.62,643.79,787.00,1297.79,0.40,1.00,0.40
4595.00,589944.87,849987.00,1146200.62,645.79,792.00,1299.79,0.40,1.00,0.40
4600.00,593158.81,853972.00,1152709.62,642.79,797.00,1301.79,-0.60,1.00,0.40
4605.00,596382.75,857982.00,1159228.62,644.79,802.00,1303.79,0.40,1.00,0.40
4611.00,600265.87,862830.00,1167065.75,647.19,808.00,1306.19,0.40,1.00,0.40
4616.00,603486.81,866895.00,1173606.75,644.19,813.00,1308.19,-0.60,1.00,0.40
4620.00,606070.00,870163.00,1178845.87,645.79,817.00,1309.79,0.40,1.00,0.40
4625.00,609308.93,874248.00,1185404.87,647.79,817.00,1311.79,0.40,0.00,0.40
4630.00,612557.87,878333.00,1191973.87,649.79,817.00,1313.79,0.40,0.00,0.40
4635.00,615816.81,882418.00,1198552.87,651.79,817.00,1315.79,0.40,0.00,0.40
4640.00,619085.75,886503.00,1205166.87,653.79,817.00,1322.79,0.40,0.00,1.40
4645.00,622364.68,890588.00,1211815.87,655.79,817.00,1329.79,0.40,0.00,1.40
4651.00,626313.81,895490.00,1219809.00,658.19,817.00,1332.19,0.40,0.00,0.40
4656.00,629614.75,899550.00,1226480.00,660.19,812.00,1334.19,0.40,-1.00,0.40
4661.00,632950.68,903585.00,1233161.00,667.19,807.00,1336.19,1.40,-1.00,0.40
4665.00,635625.87,906813.00,1238512.12,668.79,807.00,1337.79,0.40,0.00,0.40
4670.00,638979.81,910823.00,1245211.12,670.79,802.00,1339.79,0.40,-1.00,0.40
4675.00,642343.75,914808.00,1251945.12,672.79,797.00,1346.79,0.40,-1.00,1.40
4680.00,645717.68,918793.00,1258714.12,674.79,797.00,1353.79,0.40,0.00,1.40
4685.00,649126.62,922803.00,1265443.12,681.79,802.00,1345.79,1.40,1.00,-1.60
4690.00,652595.56,926788.00,1272057.12,693.79,797.00,1322.79,2.40,-1.00,-4.60
4696.00,656700.68,931606.00,1280188.25,684.19,803.00,1355.19,-1.60,1.00,5.40
4701.00,660031.62,935671.00,1287174.25,666.19,813.00,1397.19,-3.60,2.00,8.40
4706.00,663347.56,939736.00,1294195.25,663.19,813.00,1404.19,-0.60,0.00,1.40
4711.00,666748.50,943826.00,1301101.25,680.19,818.00,1381.19,3.40,1.00,-4.60
4716.00,670209.43,947916.00,1307867.25,692.19,818.00,1353.19,2.40,0.00,-5.60
4721.00,673655.37,952056.00,1314643.25,689.19,828.00,1355.19,-0.60,2.00,0.40
4725.00,676386.56,955384.00,1320118.37,682.79,832.00,1368.79,-1.60,1.00,3.40
4730.00,679760.50,959569.00,1327047.37,674.79,837.00,1385.79,-1.60,1.00,3.40
4736.00,683787.62,964591.00,1335376.50,671.19,837.00,1388.19,-0.60,0.00,0.40
4741.00,687153.56,968776.00,1342302.50,673.19,837.00,1385.19,0.40,0.00,-0.60
4746.00,690554.50,972986.00,1349213.50,680.19,842.00,1382.19,1.40,1.00,-0.60
4751.00,693965.43,977196.00,1356084.50,682.19,842.00,1374.19,0.40,0.00,-1.60
4756.00,697386.37,981406.00,1362940.50,684.19,842.00,1371.19,0.40,0.00,-0.60
4761.00,700817.31,985591.00,1369806.50,686.19,837.00,1373.19,0.40,-1.00,0.40
4766.00,704233.25,989751.00,1376682.50,683.19,832.00,1375.19,-0.60,-1.00,0.40
4771.00,707659.18,993886.00,1383618.50,685.19,827.00,1387.19,0.40,-1.00,2.40
4776.00,711095.12,997971.00,1390589.50,687.19,817.00,1394.19,0.40,-2.00,1.40
4782.00,714541.06,1002031.00,1397570.50,689.19,812.00,1396.19,0.40,-1.00,0.40
4786.00,717320.25,1005247.00,1403113.62,694.79,804.00,1385.79,1.40,-2.00,-2.60
4791.00,720829.18,1009242.00,1410027.62,701.79,799.00,1382.79,1.40,-1.00,-0.60
4796.00,724348.12,1013237.00,1417001.62,703.79,799.00,1394.79,0.40,0.00,2.40
4801.00,727877.06,1017232.00,1424035.62,705.79,799.00,1406.79,0.40,0.00,2.40
4806.00,731416.00,1021202.00,1431129.62,707.79,794.00,1418.79,0.40,-1.00,2.40
4811.00,734989.93,1025122.00,1438233.62,714.79,784.00,1420.79,1.40,-2.00,0.40
4816.00,738598.87,1028992.00,1445322.62,721.79,774.00,1417.79,1.40,-2.00,-0.60
4822.00,742944.00,1033636.00,1453843.75,724.19,774.00,1420.19,0.40,0.00,0.40
4827.00,746574.93,1037506.00,1460954.75,726.19,774.00,1422.19,0.40,0.00,0.40
4832.00,750215.87,1041426.00,1468125.75,728.19,784.00,1434.19,0.40,2.00,2.40
4837.00,753866.81,1045421.00,1475331.75,730.19,799.00,1441.19,0.40,3.00,1.40
4842.00,757527.75,1049491.00,1482597.75,732.19,814.00,1453.19,0.40,3.00,2.40
4847.00,761198.68,1053636.00,1489898.75,734.19,829.00,1460.19,0.40,3.00,1.40
4852.00,764879.62,1057856.00,1497234.75,736.19,844.00,1467.19,0.40,3.00,1.40
4857.00,768570.56,1062126.00,1504580.75,738.19,854.00,1469.19,0.40,2.00,0.40
4862.00,772271.50,1066446.00,1511936.75,740.19,864.00,1471.19,0.40,2.00,0.40
4868.00,776727.06,1071666.00,1520778.25,742.59,870.00,1473.59,0.40,1.00,0.40
4873.00,780425.00,1076066.00,1528156.25,739.59,880.00,1475.59,-0.60,2.00,0.40
4877.00,783373.75,1079618.00,1534081.00,737.19,888.00,1481.19,-0.60,2.00,1.40
4882.00,787044.68,1084133.00,1541522.00,734.19,903.00,1488.19,-0.60,3.00,1.40
4887.00,790700.62,1088698.00,1548998.00,731.19,913.00,1495.19,-0.60,2.00,1.40
4892.00,794341.56,1093313.00,1556509.00,728.19,923.00,1502.19,-0.60,2.00,1.40
4897.00,797992.50,1097953.00,1564055.00,730.19,928.00,1509.19,0.40,1.00,1.40
4902.00,801653.43,1102568.00,1571611.00,732.19,923.00,1511.19,0.40,-1.00,0.40
4908.00,806061.00,1108070.00,1580692.50,734.59,917.00,1513.59,0.40,-1.00,0.40
4913.00,809743.93,1112630.00,1588270.50,736.59,912.00,1515.59,0.40,-1.00,0.40
4918.00,813436.87,1117165.00,1595858.50,738.59,907.00,1517.59,0.40,-1.00,0.40
4923.00,817139.81,1121675.00,1603481.50,740.59,902.00,1524.59,0.40,-1.00,1.40
4928.00,820852.75,1126160.00,1611114.50,742.59,897.00,1526.59,0.40,-1.00,0.40
4933.00,824575.68,1130620.00,1618757.50,744.59,892.00,1528.59,0.40,-1.00,0.40
4938.00,828333.62,1135030.00,1626410.50,751.59,882.00,1530.59,1.40,-2.00,0.40
4943.00,832101.56,1139415.00,1634073.50,753.59,877.00,1532.59,0.40,-1.00,0.40
4948.00,835879.50,1143775.00,1641746.50,755.59,872.00,1534.59,0.40,-1.00,0.40
4954.00,840427.43,1148971.00,1650968.50,757.99,866.00,1536.99,0.40,-1.00,0.40
4959.00,843481.81,1152419.00,1657122.87,763.59,862.00,1538.59,1.40,-1.00,0.40
4963.00,846542.56,1155851.00,1663283.62,765.19,858.00,1540.19,0.40,-1.00,0.40
4968.00,850378.50,1160116.00,1670969.62,767.19,853.00,1537.19,0.40,-1.00,-0.60
4973.00,854224.43,1164356.00,1678665.62,769.19,848.00,1539.19,0.40,-1.00,0.40
4978.00,858080.37,1168596.00,1686371.62,771.19,848.00,1541.19,0.40,0.00,0.40
4983.00,861946.31,1172836.00,1694062.62,773.19,848.00,1538.19,0.40,0.00,-0.60
4988.00,865822.25,1177101.00,1701763.62,775.19,853.00,1540.19,0.40,1.00,0.40
4994.00,870487.81,1182255.00,1711019.12,777.59,859.00,1542.59,0.40,1.00,0.40
4999.00,874385.75,1186575.00,1718742.12,779.59,864.00,1544.59,0.40,1.00,0.40
5004.00,878293.68,1190945.00,1726475.12,781.59,874.00,1546.59,0.40,2.00,0.40
5009.00,882211.62,1195340.00,1734218.12,783.59,879.00,1548.59,0.40,1.00,0.40
5014.00,886139.56,1199760.00,1741971.12,785.59,884.00,1550.59,0.40,1.00,0.40
5019.00,890077.50,1204205.00,1749734.12,787.59,889.00,1552.59,0.40,1.00,0.40
5024.00,894025.43,1208675.00,1757507.12,789.59,894.00,1554.59,0.40,1.00,0.40
5029.00,897983.37,1213170.00,1765315.12,791.59,899.00,1561.59,0.40,1.00,1.40
5035.00,902747.31,1218564.00,1774735.12,793.99,899.00,1569.99,0.40,0.00,1.40
5040.00,906727.25,1223059.00,1782595.12,795.99,899.00,1571.99,0.40,0.00,0.40
5045.00,910717.18,1227554.00,1790465.12,797.99,899.00,1573.99,0.40,0.00,0.40
5050.00,914717.12,1232049.00,1798345.12,799.99,899.00,1575.99,0.40,0.00,0.40
5054.00,917923.50,1235645.00,1804671.50,801.59,899.00,1581.59,0.40,0.00,1.40
5059.00,921941.43,1240140.00,1812614.50,803.59,899.00,1588.59,0.40,0.00,1.40
5064.00,925969.37,1244635.00,1820567.50,805.59,899.00,1590.59,0.40,0.00,0.40
5069.00,930007.31,1249105.00,1828530.50,807.59,894.00,1592.59,0.40,-1.00,0.40
5074.00,934055.25,1253575.00,1836503.50,809.59,894.00,1594.59,0.40,0.00,0.40
5080.00,938927.18,1258939.00,1846085.50,811.99,894.00,1596.99,0.40,0.00,0.40
5085.00,942997.12,1263409.00,1854080.50,813.99,894.00,1598.99,0.40,0.00,0.40
5090.00,947052.06,1267879.00,1862110.50,810.99,894.00,1605.99,-0.60,0.00,1.40
5095.00,951117.00,1272349.00,1870175.50,812.99,894.00,1612.99,0.40,0.00,1.40
5100.00,955191.93,1276819.00,1878275.50,814.99,894.00,1619.99,0.40,0.00,1.40
5105.00,959276.87,1281289.00,1886385.50,816.99,894.00,1621.99,0.40,0.00,0.40
5109.00,962551.25,1284881.00,1892895.87,818.59,898.00,1627.59,0.40,1.00,1.40
5114.00,966654.18,1289421.00,1901043.87,820.59,908.00,1629.59,0.40,2.00,0.40
5120.00,971592.12,1294905.00,1910835.87,822.99,914.00,1631.99,0.40,1.00,0.40
5125.00,975717.06,1299500.00,1919005.87,824.99,919.00,1633.99,0.40,1.00,0.40
5130.00,979852.00,1304095.00,1927185.87,826.99,919.00,1635.99,0.40,0.00,0.40
5135.00,983996.93,1308690.00,1935375.87,828.99,919.00,1637.99,0.40,0.00,0.40
5140.00,988151.87,1313285.00,1943575.87,830.99,919.00,1639.99,0.40,0.00,0.40
5145.00,992316.81,1317855.00,1951835.87,832.99,914.00,1651.99,0.40,-1.00,2.40
5150.00,996491.75,1322400.00,1960105.87,834.99,909.00,1653.99,0.40,-1.00,0.40
5155.00,1000701.68,1327145.00,1968485.87,841.99,949.00,1675.99,1.40,8.00,4.40
5160.00,1004921.62,1332015.00,1976950.87,843.99,974.00,1692.99,0.40,5.00,3.40
5166.00,1009999.93,1337967.00,1987339.25,846.39,992.00,1731.39,0.40,3.00,6.40
5171.00,1014266.87,1342802.00,1995981.25,853.39,967.00,1728.39,1.40,-5.00,-0.60
5176.00,1018568.81,1347537.00,2004508.25,860.39,947.00,1705.39,1.40,-4.00,-4.60
5181.00,1022905.75,1352272.00,2013020.25,867.39,947.00,1702.39,1.40,0.00,-0.60
5186.00,1027277.68,1357032.00,2021592.25,874.39,952.00,1714.39,1.40,1.00,2.40
5191.00,1031659.62,1361817.00,2030249.25,876.39,957.00,1731.39,0.40,1.00,3.40
5196.00,1036101.56,1366577.00,2038966.25,888.39,952.00,1743.39,2.40,-1.00,2.40
5201.00,1040578.50,1371462.00,2047768.25,895.39,977.00,1760.39,1.40,5.00,3.40
5207.00,1045965.25,1377432.00,2058489.00,897.79,995.00,1786.79,0.40,3.00,4.40
5212.00,1050464.25,1382382.00,2067458.00,899.79,990.00,1793.79,0.40,-1.00,1.40
5217.00,1054998.25,1387357.00,2076487.00,906.79,995.00,1805.79,1.40,1.00,2.40
5222.00,1059567.25,1392357.00,2085551.00,913.79,1000.00,1812.79,1.40,1.00,1.40
5227.00,1064146.25,1397432.00,2094650.00,915.79,1015.00,1819.79,0.40,3.00,1.40
5232.00,1068710.25,1402607.00,2103834.00,912.79,1035.00,1836.79,-0.60,4.00,3.40
5237.00,1073259.25,1407882.00,2113103.00,909.79,1055.00,1853.79,-0.60,4.00,3.40
5242.00,1077818.25,1413182.00,2122432.00,911.79,1060.00,1865.79,0.40,1.00,2.40
5248.00,1083303.37,1419578.00,2133641.25,914.19,1066.00,1868.19,0.40,1.00,0.40
5253.00,1087884.37,1424908.00,2142942.25,916.19,1066.00,1860.19,0.40,0.00,-1.60
5258.00,1092450.37,1430213.00,2152203.25,913.19,1061.00,1852.19,-0.60,-1.00,-1.60
5263.00,1097026.37,1435493.00,2161424.25,915.19,1056.00,1844.19,0.40,-1.00,-1.60
5268.00,1101587.37,1440723.00,2170605.25,912.19,1046.00,1836.19,-0.60,-2.00,-1.60
5273.00,1106133.37,1445903.00,2179746.25,909.19,1036.00,1828.19,-0.60,-2.00,-1.60
5278.00,1110664.37,1451058.00,2188872.25,906.19,1031.00,1825.19,-0.60,-1.00,-0.60
5283.00,1115205.37,1456188.00,2197983.25,908.19,1026.00,1822.19,0.40,-1.00,-0.60
5288.00,1119756.37,1461268.00,2207054.25,910.19,1016.00,1814.19,0.40,-2.00,-1.60
5294.00,1125231.87,1467292.00,2217881.75,912.59,1004.00,1804.59,0.40,-2.00,-1.60
5299.00,1129804.87,1472262.00,2226864.75,914.59,994.00,1796.59,0.40,-2.00,-1.60
5304.00,1134387.87,1477182.00,2235832.75,916.59,984.00,1793.59,0.40,-2.00,-0.60
5309.00,1138980.87,1482077.00,2244785.75,918.59,979.00,1790.59,0.40,-1.00,-0.60
5314.00,1143583.87,1486947.00,2253748.75,920.59,974.00,1792.59,0.40,-1.00,0.40
5319.00,1148221.87,1491817.00,2262746.75,927.59,974.00,1799.59,1.40,0.00,1.40
5324.00,1152894.87,1496687.00,2271779.75,934.59,974.00,1806.59,1.40,0.00,1.40
5329.00,1157577.87,1501557.00,2280847.75,936.59,974.00,1813.59,0.40,0.00,1.40
5335.00,1163247.75,1507437.00,2291779.75,944.99,980.00,1821.99,1.40,1.00,1.40
5340.00,1167982.75,1512362.00,2300924.75,946.99,985.00,1828.99,0.40,1.00,1.40
5345.00,1172727.75,1517312.00,2310104.75,948.99,990.00,1835.99,0.40,1.00,1.40
5350.00,1177482.75,1522287.00,2319319.75,950.99,995.00,1842.99,0.40,1.00,1.40
5355.00,1182247.75,1527287.00,2328569.75,952.99,1000.00,1849.99,0.40,1.00,1.40
5360.00,1187022.75,1532312.00,2337854.75,954.99,1005.00,1856.99,0.40,1.00,1.40
5365.00,1191807.75,1537362.00,2347149.75,956.99,1010.00,1858.99,0.40,1.00,0.40
5370.00,1196602.75,1542437.00,2356454.75,958.99,1015.00,1860.99,0.40,1.00,0.40
5376.00,1202371.12,1548563.00,2367635.00,961.39,1021.00,1863.39,0.40,1.00,0.40
5381.00,1207188.12,1553693.00,2376962.00,963.39,1026.00,1865.39,0.40,1.00,0.40
5386.00,1211990.12,1558823.00,2386299.00,960.39,1026.00,1867.39,-0.60,0.00,0.40
5391.00,1216802.12,1564003.00,2395621.00,962.39,1036.00,1864.39,0.40,2.00,-0.60
5396.00,1221624.12,1569233.00,2404953.00,964.39,1046.00,1866.39,0.40,2.00,0.40
5401.00,1226431.12,1574488.00,2414320.00,961.39,1051.00,1873.39,-0.60,1.00,1.40
5406.00,1231248.12,1579768.00,2423722.00,963.39,1056.00,1880.39,0.40,1.00,1.40
5411.00,1236050.12,1585023.00,2433134.00,960.39,1051.00,1882.39,-0.60,-1.00,0.40
5416.00,1240862.12,1590328.00,2442556.00,962.39,1061.00,1884.39,0.40,2.00,0.40
5422.00,1246686.87,1596694.00,2453804.75,970.79,1061.00,1874.79,1.40,0.00,-1.60
5427.00,1251575.87,1602074.00,2463163.75,977.79,1076.00,1871.79,1.40,3.00,-0.60
5432.00,1256474.87,1607554.00,2472657.75,979.79,1096.00,1898.79,0.40,4.00,5.40
5437.00,1261358.87,1613009.00,2482261.75,976.79,1091.00,1920.79,-0.60,-1.00,4.40
5442.00,1266252.87,1618439.00,2491850.75,978.79,1086.00,1917.79,0.40,-1.00,-0.60
5447.00,1271156.87,1623794.00,2501374.75,980.79,1071.00,1904.79,0.40,-3.00,-2.60
5452.00,1276095.87,1629199.00,2510908.75,987.79,1081.00,1906.79,1.40,2.00,0.40
5457.00,1281069.87,1634629.00,2520477.75,994.79,1086.00,1913.79,1.40,1.00,1.40
5463.00,1287053.00,1641181.00,2532011.00,997.19,1092.00,1922.19,0.40,1.00,1.40
5468.00,1292049.00,1646616.00,2541657.00,999.19,1087.00,1929.19,0.40,-1.00,1.40
5473.00,1297030.00,1652026.00,2551338.00,996.19,1082.00,1936.19,-0.60,-1.00,1.40
5478.00,1301996.00,1657436.00,2561079.00,993.19,1082.00,1948.19,-0.60,0.00,2.40
5483.00,1306972.00,1662821.00,2570830.00,995.19,1077.00,1950.19,0.40,-1.00,0.40
5488.00,1311958.00,1668231.00,2580566.00,997.19,1082.00,1947.19,0.40,1.00,-0.60
5493.00,1316954.00,1673616.00,2590287.00,999.19,1077.00,1944.19,0.40,-1.00,-0.60
5498.00,1321960.00,1679001.00,2600043.00,1001.19,1077.00,1951.19,0.40,0.00,1.40
5504.00,1327945.50,1685427.00,2611764.50,997.59,1071.00,1953.59,-0.60,-1.00,0.40
5509.00,1332943.50,1690782.00,2621567.50,999.59,1071.00,1960.59,0.40,0.00,1.40
5514.00,1337976.50,1696212.00,2631405.50,1006.59,1086.00,1967.59,1.40,3.00,1.40
5519.00,1343019.50,1701667.00,2641303.50,1008.59,1091.00,1979.59,0.40,1.00,2.40
5524.00,1348047.50,1707122.00,2651186.50,1005.59,1091.00,1976.59,-0.60,0.00,-0.60
5529.00,1353085.50,1712552.00,2661079.50,1007.59,1086.00,1978.59,0.40,-1.00,0.40
5534.00,1358133.50,1718007.00,2671007.50,1009.59,1091.00,1985.59,0.40,1.00,1.40
5539.00,1363191.50,1723537.00,2680970.50,1011.59,1106.00,1992.59,0.40,3.00,1.40
5544.00,1368234.50,1729117.00,2690968.50,1008.59,1116.00,1999.59,-0.60,2.00,1.40
5550.00,1374264.37,1735849.00,2702980.50,1004.99,1122.00,2001.99,-0.60,1.00,0.40
5555.00,1379274.37,1741434.00,2713000.50,1001.99,1117.00,2003.99,-0.60,-1.00,0.40
5561.00,1385300.75,1748172.00,2725038.75,1004.39,1123.00,2006.39,0.40,1.00,0.40
5566.00,1390332.75,1753787.00,2735105.75,1006.39,1123.00,2013.39,0.40,0.00,1.40
5571.00,1395374.75,1759427.00,2745157.75,1008.39,1128.00,2010.39,0.40,1.00,-0.60
5576.00,1400426.75,1765017.00,2755169.75,1010.39,1118.00,2002.39,0.40,-2.00,-1.60
5581.00,1405488.75,1770607.00,2765191.75,1012.39,1118.00,2004.39,0.40,0.00,0.40
5586.00,1410560.75,1776197.00,2775248.75,1014.39,1118.00,2011.39,0.40,0.00,1.40
5592.00,1416661.50,1782941.00,2787331.50,1016.79,1124.00,2013.79,0.40,1.00,0.40
5597.00,1421755.50,1788561.00,2797410.50,1018.79,1124.00,2015.79,0.40,0.00,0.40
5602.00,1426884.50,1794156.00,2807474.50,1025.79,1119.00,2012.79,1.40,-1.00,-0.60
5607.00,1432048.50,1799751.00,2817548.50,1032.79,1119.00,2014.79,1.40,0.00,0.40
5612.00,1437247.50,1805346.00,2827632.50,1039.79,1119.00,2016.79,1.40,0.00,0.40
5617.00,1442481.50,1810966.00,2837751.50,1046.79,1124.00,2023.79,1.40,1.00,1.40
5622.00,1447750.50,1816611.00,2847905.50,1053.79,1129.00,2030.79,1.40,1.00,1.40
5627.00,1453029.50,1822281.00,2858094.50,1055.79,1134.00,2037.79,0.40,1.00,1.40
5633.00,1459378.62,1829085.00,2870335.75,1058.19,1134.00,2040.19,0.40,0.00,0.40
5638.00,1464679.50,1834755.00,2880546.75,1060.19,1134.00,2042.19,0.40,0.00,0.40
5643.00,1470015.50,1840425.00,2890767.75,1067.19,1134.00,2044.19,1.40,0.00,0.40
5648.00,1475386.50,1846120.00,2901023.75,1074.19,1139.00,2051.19,1.40,1.00,1.40
5653.00,1480767.50,1851840.00,2911314.75,1076.19,1144.00,2058.19,0.40,1.00,1.40
5658.00,1486158.50,1857585.00,2921640.75,1078.19,1149.00,2065.19,0.40,1.00,1.40
5663.00,1491534.50,1863330.00,2931976.75,1075.19,1149.00,2067.19,-0.60,0.00,0.40
5668.00,1496920.50,1869075.00,2942322.75,1077.19,1149.00,2069.19,0.40,0.00,0.40
5673.00,1502291.50,1874845.00,2952703.75,1074.19,1154.00,2076.19,-0.60,1.00,1.40
5679.00,1508751.00,1881769.00,2965175.25,1076.59,1154.00,2078.59,0.40,0.00,0.40
5684.00,1514143.87,1887539.00,2975578.25,1078.59,1154.00,2080.59,0.40,0.00,0.40
5690.00,1520593.75,1894427.00,2988076.25,1074.99,1148.00,2082.99,-0.60,-1.00,0.40
5695.00,1525953.62,1900167.00,2998501.25,1071.99,1148.00,2084.99,-0.60,0.00,0.40
5700.00,1531273.50,1905907.00,3008936.25,1063.99,1148.00,2086.99,-1.60,0.00,0.40
5705.00,1536578.37,1911647.00,3019406.25,1060.99,1148.00,2093.99,-0.60,0.00,1.40
5710.00,1541868.25,1917387.00,3029886.25,1057.99,1148.00,2095.99,-0.60,0.00,0.40
5715.00,1547143.12,1923127.00,3040376.25,1054.99,1148.00,2097.99,-0.60,0.00,0.40
5721.00,1553487.50,1930015.00,3052978.50,1057.39,1148.00,2100.39,0.40,0.00,0.40
5726.00,1558784.37,1935755.00,3063465.50,1059.39,1148.00,2097.39,0.40,0.00,-0.60
5731.00,1564091.25,1941545.00,3073962.50,1061.39,1158.00,2099.39,0.40,2.00,0.40
5736.00,1569408.12,1947360.00,3084494.50,1063.39,1163.00,2106.39,0.40,1.00,1.40
5741.00,1574735.00,1953200.00,3095036.50,1065.39,1168.00,2108.39,0.40,1.00,0.40
5746.00,1580071.87,1959065.00,3105588.50,1067.39,1173.00,2110.39,0.40,1.00,0.40
5751.00,1585418.75,1964955.00,3116150.50,1069.39,1178.00,2112.39,0.40,1.00,0.40
5756.00,1590775.62,1970870.00,3126722.50,1071.39,1183.00,2114.39,0.40,1.00,0.40
5762.00,1597218.37,1978040.00,3139423.25,1073.79,1195.00,2116.79,0.40,2.00,0.40
5767.00,1602622.25,1984065.00,3150017.25,1080.79,1205.00,2118.79,1.40,2.00,0.40
5772.00,1608061.12,1990090.00,3160621.25,1087.79,1205.00,2120.79,1.40,0.00,0.40
5777.00,1613535.00,1996115.00,3171235.25,1094.79,1205.00,2122.79,1.40,0.00,0.40
5782.00,1619043.87,2002140.00,3181884.25,1101.79,1205.00,2129.79,1.40,0.00,1.40
5787.00,1624587.75,2008165.00,3192543.25,1108.79,1205.00,2131.79,1.40,0.00,0.40
5792.00,1630166.62,2014165.00,3203212.25,1115.79,1200.00,2133.79,1.40,-1.00,0.40
5798.00,1636911.75,2021365.00,3216029.50,1124.19,1200.00,2136.19,1.40,0.00,0.40
5804.00,1643707.25,2028529.00,3228861.00,1132.59,1194.00,2138.59,1.40,-1.00,0.40
5809.00,1649405.12,2034474.00,3239589.00,1139.59,1189.00,2145.59,1.40,-1.00,1.40
5814.00,1655113.00,2040394.00,3250352.00,1141.59,1184.00,2152.59,0.40,-1.00,1.40
5819.00,1660830.87,2046289.00,3261125.00,1143.59,1179.00,2154.59,0.40,-1.00,0.40
5824.00,1666558.75,2052184.00,3271908.00,1145.59,1179.00,2156.59,0.40,0.00,0.40
5829.00,1672271.62,2058079.00,3282701.00,1142.59,1179.00,2158.59,-0.60,0.00,0.40
5834.00,1677969.50,2063974.00,3293504.00,1139.59,1179.00,2160.59,-0.60,0.00,0.40
5839.00,1683652.37,2069869.00,3304317.00,1136.59,1179.00,2162.59,-0.60,0.00,0.40
5844.00,1689320.25,2075764.00,3315140.00,1133.59,1179.00,2164.59,-0.60,0.00,0.40
5850.00,1696100.12,2082874.00,3328142.00,1129.99,1185.00,2166.99,-0.60,1.00,0.40
5855.00,1701735.00,2088824.00,3338987.00,1126.99,1190.00,2168.99,-0.60,1.00,0.40
5860.00,1707329.87,2094799.00,3349842.00,1118.99,1195.00,2170.99,-1.60,1.00,0.40
5865.00,1712909.75,2100799.00,3360707.00,1115.99,1200.00,2172.99,-0.60,1.00,0.40
5870.00,1718474.62,2106824.00,3371582.00,1112.99,1205.00,2174.99,-0.60,1.00,0.40
5875.00,1724024.50,2112874.00,3382467.00,1109.99,1210.00,2176.99,-0.60,1.00,0.40
5880.00,1729559.37,2118949.00,3393362.00,1106.99,1215.00,2178.99,-0.60,1.00,0.40
5885.00,1735079.25,2125024.00,3404267.00,1103.99,1215.00,2180.99,-0.60,0.00,0.40
5891.00,1741717.62,2132314.00,3417367.25,1106.39,1215.00,2183.39,0.40,0.00,0.40
5896.00,1747259.50,2138389.00,3428294.25,1108.39,1215.00,2185.39,0.40,0.00,0.40
5901.00,1752811.37,2144464.00,3439231.25,1110.39,1215.00,2187.39,0.40,0.00,0.40
5906.00,1758398.25,2150539.00,3450178.25,1117.39,1215.00,2189.39,1.40,0.00,0.40
5911.00,1764020.12,2156614.00,3461135.25,1124.39,1215.00,2191.39,1.40,0.00,0.40
5916.00,1769677.00,2162664.00,3472102.25,1131.39,1210.00,2193.39,1.40,-1.00,0.40
5921.00,1775393.87,2168689.00,3483079.25,1143.39,1205.00,2195.39,2.40,-1.00,0.40
5926.00,1781145.75,2174714.00,3494091.25,1150.39,1205.00,2202.39,1.40,0.00,1.40
5932.00,1788098.50,2181944.00,3507320.00,1158.79,1205.00,2204.79,1.40,0.00,0.40
5937.00,1793927.37,2187969.00,3518354.00,1165.79,1205.00,2206.79,1.40,0.00,0.40
5942.00,1799791.25,2193994.00,3529398.00,1172.79,1205.00,2208.79,1.40,0.00,0.40
5947.00,1805715.12,2200019.00,3540452.00,1184.79,1205.00,2210.79,2.40,0.00,0.40
5952.00,1811674.00,2206044.00,3551541.00,1191.79,1205.00,2217.79,1.40,0.00,1.40
5957.00,1817667.87,2212069.00,3562640.00,1198.79,1205.00,2219.79,1.40,0.00,0.40
5962.00,1823696.75,2218119.00,3573749.00,1205.79,1210.00,2221.79,1.40,1.00,0.40
5967.00,1829735.62,2224194.00,3584868.00,1207.79,1215.00,2223.79,0.40,1.00,0.40
5972.00,1835784.50,2230269.00,3595997.00,1209.79,1215.00,2225.79,0.40,0.00,0.40
5978.00,1843057.62,2237595.00,3609366.25,1212.19,1221.00,2228.19,0.40,1.00,0.40
5983.00,1849103.50,2243725.00,3620517.25,1209.19,1226.00,2230.19,-0.60,1.00,0.40
5989.00,1856337.00,2251153.00,3633912.75,1205.59,1238.00,2232.59,-0.60,2.00,0.40
5994.00,1862349.87,2257368.00,3645085.75,1202.59,1243.00,2234.59,-0.60,1.00,0.40
5999.00,1868347.75,2263608.00,3656268.75,1199.59,1248.00,2236.59,-0.60,1.00,0.40
6004.00,1874330.62,2269873.00,3667461.75,1196.59,1253.00,2238.59,-0.60,1.00,0.40
6009.00,1880298.50,2276163.00,3678664.75,1193.59,1258.00,2240.59,-0.60,1.00,0.40
6014.00,1886251.37,2282478.00,3689877.75,1190.59,1263.00,2242.59,-0.60,1.00,0.40
6020.00,1893373.25,2290092.00,3703383.75,1186.99,1269.00,2250.99,-0.60,1.00,1.40
6025.00,1899293.12,2296437.00,3714648.75,1183.99,1269.00,2252.99,-0.60,0.00,0.40
6030.00,1905198.00,2302782.00,3725923.75,1180.99,1269.00,2254.99,-0.60,0.00,0.40
6035.00,1911087.87,2309102.00,3737208.75,1177.99,1264.00,2256.99,-0.60,-1.00,0.40
6040.00,1916987.75,2315397.00,3748503.75,1179.99,1259.00,2258.99,0.40,-1.00,0.40
6045.00,1922872.62,2321667.00,3759833.75,1176.99,1254.00,2265.99,-0.60,-1.00,1.40
6050.00,1928767.50,2327912.00,3771198.75,1178.99,1249.00,2272.99,0.40,-1.00,1.40
6055.00,1934672.37,2334132.00,3782573.75,1180.99,1244.00,2274.99,0.40,-1.00,0.40
6062.00,1943007.87,2342791.00,3798518.25,1190.79,1237.00,2277.79,1.40,-1.00,0.40
6067.00,1948996.75,2348951.00,3809917.25,1197.79,1232.00,2279.79,1.40,-1.00,0.40
6072.00,1955020.62,2355086.00,3821326.25,1204.79,1227.00,2281.79,1.40,-1.00,0.40
6077.00,1961054.50,2361196.00,3832745.25,1206.79,1222.00,2283.79,0.40,-1.00,0.40
6082.00,1967123.37,2367306.00,3844174.25,1213.79,1222.00,2285.79,1.40,0.00,0.40
6087.00,1973227.25,2373416.00,3855638.25,1220.79,1222.00,2292.79,1.40,0.00,1.40
6092.00,1979366.12,2379526.00,3867137.25,1227.79,1222.00,2299.79,1.40,0.00,1.40
6097.00,1985540.00,2385661.00,3878671.25,1234.79,1227.00,2306.79,1.40,1.00,1.40
6103.00,1992999.12,2393059.00,3892526.50,1243.19,1233.00,2309.19,1.40,1.00,0.40
6108.00,1999250.00,2399249.00,3904082.50,1250.19,1238.00,2311.19,1.40,1.00,0.40
6113.00,2005510.87,2405439.00,3915648.50,1252.19,1238.00,2313.19,0.40,0.00,0.40
6118.00,2011806.75,2411654.00,3927224.50,1259.19,1243.00,2315.19,1.40,1.00,0.40
6123.00,2018112.62,2417894.00,3938810.50,1261.19,1248.00,2317.19,0.40,1.00,0.40
6128.00,2024453.50,2424159.00,3950406.50,1268.19,1253.00,2319.19,1.40,1.00,0.40
6133.00,2030804.37,2430474.00,3962037.50,1270.19,1263.00,2326.19,0.40,2.00,1.40
6138.00,2037165.25,2436814.00,3973703.50,1272.19,1268.00,2333.19,0.40,1.00,1.40
6144.00,2044812.75,2444458.00,3987717.00,1274.59,1274.00,2335.59,0.40,1.00,0.40
6149.00,2051195.62,2450853.00,3999430.00,1276.59,1279.00,2342.59,0.40,1.00,1.40
6154.00,2057588.50,2457273.00,4011178.00,1278.59,1284.00,2349.59,0.40,1.00,1.40
6160.00,2065274.37,2464977.00,4025290.00,1280.99,1284.00,2351.99,0.40,0.00,0.40
6165.00,2071689.25,2471422.00,4037060.00,1282.99,1289.00,2353.99,0.40,1.00,0.40
6170.00,2078114.12,2477867.00,4048865.00,1284.99,1289.00,2360.99,0.40,0.00,1.40
6175.00,2084549.00,2484312.00,4060705.00,1286.99,1289.00,2367.99,0.40,0.00,1.40
6180.00,2090993.87,2490757.00,4072555.00,1288.99,1289.00,2369.99,0.40,0.00,0.40
6185.00,2097448.75,2497202.00,4084415.00,1290.99,1289.00,2371.99,0.40,0.00,0.40
6191.00,2105173.00,2504936.00,4098661.25,1287.39,1289.00,2374.39,-0.60,0.00,0.40
6196.00,2111595.00,2511381.00,4110543.25,1284.39,1289.00,2376.39,-0.60,0.00,0.40
6201.00,2118027.00,2517826.00,4122435.25,1286.39,1289.00,2378.39,0.40,0.00,0.40
6206.00,2124444.00,2524271.00,4134337.25,1283.39,1289.00,2380.39,-0.60,0.00,0.40
6211.00,2130871.00,2530741.00,4146249.25,1285.39,1294.00,2382.39,0.40,1.00,0.40
6216.00,2137308.00,2537236.00,4158171.25,1287.39,1299.00,2384.39,0.40,1.00,0.40
6221.00,2143730.00,2543756.00,4170103.25,1284.39,1304.00,2386.39,-0.60,1.00,0.40
6226.00,2150137.00,2550301.00,4182045.25,1281.39,1309.00,2388.39,-0.60,1.00,0.40
6232.00,2157803.75,2558191.00,4196390.00,1277.79,1315.00,2390.79,-0.60,1.00,0.40
6237.00,2164177.75,2564791.00,4208354.00,1274.79,1320.00,2392.79,-0.60,1.00,0.40
6242.00,2170561.75,2571416.00,4220328.00,1276.79,1325.00,2394.79,0.40,1.00,0.40
6247.00,2176955.75,2578041.00,4232312.00,1278.79,1325.00,2396.79,0.40,0.00,0.40
6252.00,2183359.75,2584666.00,4244306.00,1280.79,1325.00,2398.79,0.40,0.00,0.40
6257.00,2189773.75,2591291.00,4256310.00,1282.79,1325.00,2400.79,0.40,0.00,0.40
6262.00,2196197.75,2597916.00,4268324.00,1284.79,1325.00,2402.79,0.40,0.00,0.40
6267.00,2202631.75,2604541.00,4280348.00,1286.79,1325.00,2404.79,0.40,0.00,0.40
6273.00,2210402.75,2612491.00,4294827.00,1295.19,1325.00,2413.19,1.40,0.00,1.40
6278.00,2216913.75,2619116.00,4306928.00,1302.19,1325.00,2420.19,1.40,0.00,1.40
6283.00,2223459.75,2625741.00,4319039.00,1309.19,1325.00,2422.19,1.40,0.00,0.40
6288.00,2230040.75,2632366.00,4331160.00,1316.19,1325.00,2424.19,1.40,0.00,0.40
6293.00,2236656.75,2638991.00,4343291.00,1323.19,1325.00,2426.19,1.40,0.00,0.40
6298.00,2243282.75,2645616.00,4355457.00,1325.19,1325.00,2433.19,0.40,0.00,1.40
6303.00,2249918.75,2652241.00,4367658.00,1327.19,1325.00,2440.19,0.40,0.00,1.40
6308.00,2256564.75,2658866.00,4379869.00,1329.19,1325.00,2442.19,0.40,0.00,0.40
6313.00,2263220.75,2665491.00,4392115.00,1331.19,1325.00,2449.19,0.40,0.00,1.40
6319.00,2271222.25,2673441.00,4406860.50,1333.59,1325.00,2457.59,0.40,0.00,1.40
6324.00,2277900.25,2680066.00,4419158.50,1335.59,1325.00,2459.59,0.40,0.00,0.40
6329.00,2284588.25,2686691.00,4431491.50,1337.59,1325.00,2466.59,0.40,0.00,1.40
6334.00,2291286.25,2693316.00,4443859.50,1339.59,1325.00,2473.59,0.40,0.00,1.40
6339.00,2297994.25,2699966.00,4456262.50,1341.59,1330.00,2480.59,0.40,1.00,1.40
6344.00,2304712.25,2706641.00,4468700.50,1343.59,1335.00,2487.59,0.40,1.00,1.40
6349.00,2311440.25,2713341.00,4481173.50,1345.59,1340.00,2494.59,0.40,1.00,1.40
6354.00,2318178.25,2720066.00,4493681.50,1347.59,1345.00,2501.59,0.40,1.00,1.40
6360.00,2326278.25,2728172.00,4508705.50,1349.99,1351.00,2503.99,0.40,1.00,0.40
6365.00,2333038.25,2734952.00,4521260.50,1351.99,1356.00,2510.99,0.40,1.00,1.40
6370.00,2339833.25,2741782.00,4533850.50,1358.99,1366.00,2517.99,1.40,2.00,1.40
6376.00,2348037.50,2750014.00,4549009.00,1367.39,1372.00,2526.39,1.40,1.00,1.40
6381.00,2354884.50,2756899.00,4561651.00,1369.39,1377.00,2528.39,0.40,1.00,0.40
6386.00,2361741.50,2763809.00,4574303.00,1371.39,1382.00,2530.39,0.40,1.00,0.40
6391.00,2368633.50,2770744.00,4586965.00,1378.39,1387.00,2532.39,1.40,1.00,0.40
6396.00,2375535.50,2777704.00,4599637.00,1380.39,1392.00,2534.39,0.40,1.00,0.40
6402.00,2383832.25,2786092.00,4614857.50,1382.79,1398.00,2536.79,0.40,1.00,0.40
6407.00,2390781.25,2793082.00,4627526.50,1389.79,1398.00,2533.79,1.40,0.00,-0.60
6412.00,2397740.25,2800072.00,4640205.50,1391.79,1398.00,2535.79,0.40,0.00,0.40
6417.00,2404734.25,2807062.00,4652894.50,1398.79,1398.00,2537.79,1.40,0.00,0.40
6422.00,2411763.25,2814052.00,4665618.50,1405.79,1398.00,2544.79,1.40,0.00,1.40
6427.00,2418802.25,2821042.00,4678327.50,1407.79,1398.00,2541.79,0.40,0.00,-0.60
6432.00,2425851.25,2828032.00,4691071.50,1409.79,1398.00,2548.79,0.40,0.00,1.40
6437.00,2432935.25,2834997.00,4703825.50,1416.79,1393.00,2550.79,1.40,-1.00,0.40
6443.00,2441450.25,2843319.00,4719108.50,1419.19,1387.00,2547.19,0.40,-1.00,-0.60
6448.00,2448556.25,2850229.00,4731829.50,1421.19,1382.00,2544.19,0.40,-1.00,-0.60
6453.00,2455672.25,2857139.00,4744535.50,1423.19,1382.00,2541.19,0.40,0.00,-0.60
6458.00,2462773.25,2864099.00,4757326.50,1420.19,1392.00,2558.19,-0.60,2.00,3.40
6463.00,2469884.25,2871109.00,4770177.50,1422.19,1402.00,2570.19,0.40,2.00,2.40
6468.00,2477005.25,2878194.00,4783063.50,1424.19,1417.00,2577.19,0.40,3.00,1.40
6473.00,2484111.25,2885304.00,4795984.50,1421.19,1422.00,2584.19,-0.60,1.00,1.40
6479.00,2492652.75,2893836.00,4811504.00,1423.59,1422.00,2586.59,0.40,0.00,0.40
6484.00,2499780.75,2900946.00,4824472.00,1425.59,1422.00,2593.59,0.40,0.00,1.40
6490.00,2508312.75,2909514.00,4840084.00,1421.99,1428.00,2601.99,-0.60,1.00,1.40
6495.00,2515432.75,2916704.00,4853154.00,1423.99,1438.00,2613.99,0.40,2.00,2.40
6500.00,2522537.75,2923919.00,4866259.00,1420.99,1443.00,2620.99,-0.60,1.00,1.40
6505.00,2529627.75,2931159.00,4879399.00,1417.99,1448.00,2627.99,-0.60,1.00,1.40
6510.00,2536727.75,2938399.00,4892574.00,1419.99,1448.00,2634.99,0.40,0.00,1.40
6515.00,2543837.75,2945664.00,4905784.00,1421.99,1453.00,2641.99,0.40,1.00,1.40
6520.00,2550957.75,2952929.00,4919004.00,1423.99,1453.00,2643.99,0.40,0.00,0.40
6525.00,2558062.75,2960194.00,4932259.00,1420.99,1453.00,2650.99,-0.60,0.00,1.40
6531.00,2566567.00,2968876.00,4948179.50,1417.39,1447.00,2653.39,-0.60,-1.00,0.40
6536.00,2573664.00,2976086.00,4961456.50,1419.39,1442.00,2655.39,0.40,-1.00,0.40
6541.00,2580771.00,2983271.00,4974743.50,1421.39,1437.00,2657.39,0.40,-1.00,0.40
6546.00,2587888.00,2990431.00,4988015.50,1423.39,1432.00,2654.39,0.40,-1.00,-0.60
6551.00,2595015.00,2997591.00,5001272.50,1425.39,1432.00,2651.39,0.40,0.00,-0.60
6556.00,2602152.00,3004726.00,5014514.50,1427.39,1427.00,2648.39,0.40,-1.00,-0.60
6561.00,2609299.00,3011836.00,5027741.50,1429.39,1422.00,2645.39,0.40,-1.00,-0.60
6566.00,2616456.00,3018921.00,5040978.50,1431.39,1417.00,2647.39,0.40,-1.00,0.40
6572.00,2625058.75,3027423.00,5056877.00,1433.78,1417.00,2649.79,0.40,0.00,0.40
6577.00,2632237.75,3034508.00,5070136.00,1435.78,1417.00,2651.79,0.40,0.00,0.40
6582.00,2639451.75,3041593.00,5083405.00,1442.78,1417.00,2653.79,1.40,0.00,0.40
6587.00,2646700.75,3048678.00,5096659.00,1449.78,1417.00,2650.79,1.40,0.00,-0.60
6592.00,2653984.75,3055763.00,5109898.00,1456.78,1417.00,2647.79,1.40,0.00,-0.60
6597.00,2661303.75,3062848.00,5123147.00,1463.78,1417.00,2649.79,1.40,0.00,0.40
6602.00,2668657.75,3069933.00,5136406.00,1470.78,1417.00,2651.79,1.40,0.00,0.40
6607.00,2676046.75,3077018.00,5149650.00,1477.78,1417.00,2648.79,1.40,0.00,-0.60
6612.00,2683470.75,3084103.00,5162904.00,1484.78,1417.00,2650.79,1.40,0.00,0.40
6618.00,2692429.75,3092605.00,5178823.00,1493.18,1417.00,2653.19,1.40,0.00,0.40
6623.00,2699930.75,3099690.00,5192099.00,1500.18,1417.00,2655.19,1.40,0.00,0.40
6628.00,2707441.75,3106775.00,5205385.00,1502.18,1417.00,2657.19,0.40,0.00,0.40
6633.00,2714962.75,3113860.00,5218681.00,1504.18,1417.00,2659.19,0.40,0.00,0.40
6638.00,2722493.75,3120945.00,5231987.00,1506.18,1417.00,2661.19,0.40,0.00,0.40
6643.00,2730034.75,3128030.00,5245328.00,1508.18,1417.00,2668.19,0.40,0.00,1.40
6648.00,2737585.75,3135115.00,5258704.00,1510.18,1417.00,2675.19,0.40,0.00,1.40
6653.00,2745146.75,3142200.00,5272115.00,1512.18,1417.00,2682.19,0.40,0.00,1.40
6659.00,2754234.25,3150702.00,5288222.50,1514.58,1417.00,2684.59,0.40,0.00,0.40
6664.00,2761817.25,3157787.00,5301680.50,1516.58,1417.00,2691.59,0.40,0.00,1.40
6669.00,2769385.25,3164872.00,5315148.50,1513.58,1417.00,2693.59,-0.60,0.00,0.40
6674.00,2776938.25,3171957.00,5328626.50,1510.58,1417.00,2695.59,-0.60,0.00,0.40
6679.00,2784476.25,3179017.00,5342114.50,1507.58,1412.00,2697.59,-0.60,-1.00,0.40
6684.00,2791999.25,3186077.00,5355612.50,1504.58,1412.00,2699.59,-0.60,0.00,0.40
6690.00,2799532.25,3193137.00,5369120.50,1506.58,1412.00,2701.59,0.40,0.00,0.40
6695.00,2807075.25,3200197.00,5382663.50,1508.58,1412.00,2708.59,0.40,0.00,1.40
6701.00,2816105.25,3208669.00,5398929.50,1504.98,1412.00,2710.99,-0.60,0.00,0.40
6706.00,2823640.25,3215729.00,5412494.50,1506.98,1412.00,2712.99,0.40,0.00,0.40
6711.00,2831185.25,3222789.00,5426069.50,1508.98,1412.00,2714.99,0.40,0.00,0.40
6716.00,2838715.25,3229849.00,5439654.50,1505.98,1412.00,2716.99,-0.60,0.00,0.40
6721.00,2846230.25,3236934.00,5453274.50,1502.98,1417.00,2723.99,-0.60,1.00,1.40
6726.00,2853755.25,3244044.00,5466904.50,1504.98,1422.00,2725.99,0.40,1.00,0.40
6731.00,2861290.25,3251179.00,5480544.50,1506.98,1427.00,2727.99,0.40,1.00,0.40
6736.00,2868835.25,3258339.00,5494169.50,1508.98,1432.00,2724.99,0.40,1.00,-0.60
6742.00,2877903.50,3266967.00,5510534.00,1511.38,1438.00,2727.39,0.40,1.00,0.40
6747.00,2885470.50,3274182.00,5524206.00,1513.38,1443.00,2734.39,0.40,1.00,1.40
6752.00,2893047.50,3281397.00,5537913.00,1515.38,1443.00,2741.39,0.40,0.00,1.40
6757.00,2900659.50,3288637.00,5551655.00,1522.38,1448.00,2748.39,1.40,1.00,1.40
6762.00,2908356.50,3295877.00,5565382.00,1539.38,1448.00,2745.39,3.40,0.00,-0.60
6767.00,2916113.50,3303117.00,5579119.00,1551.38,1448.00,2747.39,2.40,0.00,0.40
6772.00,2923855.50,3310182.00,5592741.00,1548.38,1413.00,2724.39,-0.60,-7.00,-4.60
6777.00,2931532.50,3317047.00,5606298.00,1535.38,1373.00,2711.39,-2.60,-8.00,-2.60
6782.00,2939169.50,3323812.00,5620040.00,1527.38,1353.00,2748.39,-1.60,-4.00,7.40
6788.00,2948492.25,3331714.00,5636328.50,1553.78,1317.00,2714.79,4.40,-6.00,-5.60
6793.00,2956296.25,3338649.00,5650012.50,1560.78,1387.00,2736.79,1.40,14.00,4.40
6798.00,2964060.25,3345734.00,5663831.50,1552.78,1417.00,2763.79,-1.60,6.00,5.40
6803.00,2971759.25,3352894.00,5677760.50,1539.78,1432.00,2785.79,-2.60,3.00,4.40
6809.00,2980904.25,3361522.00,5694525.50,1524.18,1438.00,2794.19,-2.60,1.00,1.40
6814.00,2988535.25,3368662.00,5708506.50,1526.18,1428.00,2796.19,0.40,-2.00,0.40
6819.00,2996151.25,3375702.00,5722397.50,1523.18,1408.00,2778.19,-0.60,-4.00,-3.60
6824.00,3003802.25,3382517.00,5736048.50,1530.18,1363.00,2730.19,1.40,-9.00,-9.60
6830.00,3012997.75,3390623.00,5752408.00,1532.58,1351.00,2726.59,0.40,-2.00,-0.60
6835.00,3020645.75,3397503.00,5766226.00,1529.58,1376.00,2763.59,-0.60,5.00,7.40
6840.00,3028328.75,3404483.00,5780179.00,1536.58,1396.00,2790.59,1.40,4.00,5.40
6845.00,3036021.75,3411588.00,5794217.00,1538.58,1421.00,2807.59,0.40,5.00,3.40
6850.00,3043749.75,3418918.00,5808415.00,1545.58,1466.00,2839.59,1.40,9.00,6.40
6855.00,3051487.75,3426448.00,5822823.00,1547.58,1506.00,2881.59,0.40,8.00,8.40
6860.00,3059235.75,3434103.00,5837391.00,1549.58,1531.00,2913.59,0.40,5.00,6.40
6865.00,3067018.75,3441858.00,5852044.00,1556.58,1551.00,2930.59,1.40,4.00,3.40
6871.00,3076408.75,3451164.00,5869678.00,1564.98,1551.00,2938.99,1.40,0.00,1.40
6876.00,3084243.75,3458919.00,5884408.00,1566.98,1551.00,2945.99,0.40,0.00,1.40
6881.00,3092088.75,3466649.00,5899198.00,1568.98,1546.00,2957.99,0.40,-1.00,2.40
6886.00,3099943.75,3474329.00,5913998.00,1570.98,1536.00,2959.99,0.40,-2.00,0.40
6891.00,3107808.75,3481909.00,5928733.00,1572.98,1516.00,2946.99,0.40,-4.00,-2.60
6896.00,3115708.75,3489389.00,5943378.00,1579.98,1496.00,2928.99,1.40,-4.00,-3.60
6901.00,3123643.75,3496744.00,5957933.00,1586.98,1471.00,2910.99,1.40,-5.00,-3.60
6907.00,3133180.00,3505390.00,5975305.50,1589.38,1441.00,2895.39,0.40,-5.00,-2.60
6913.00,3142730.75,3513892.00,5992584.00,1591.78,1417.00,2879.79,0.40,-4.00,-2.60
6918.00,3150699.75,3520877.00,6006918.00,1593.78,1397.00,2866.79,0.40,-4.00,-2.60
6923.00,3158678.75,3527787.00,6021187.00,1595.78,1382.00,2853.79,0.40,-3.00,-2.60
6928.00,3166667.75,3534672.00,6035416.00,1597.78,1377.00,2845.79,0.40,-1.00,-1.60
6933.00,3174666.75,3541557.00,6049630.00,1599.78,1377.00,2842.79,0.40,0.00,-0.60
6938.00,3182675.75,3548442.00,6063854.00,1601.78,1377.00,2844.79,0.40,0.00,0.40
6943.00,3190694.75,3555377.00,6078088.00,1603.78,1387.00,2846.79,0.40,2.00,0.40
6948.00,3198723.75,3562387.00,6092357.00,1605.78,1402.00,2853.79,0.40,3.00,1.40
6953.00,3206737.75,3569497.00,6106686.00,1602.78,1422.00,2865.79,-0.60,4.00,2.40
6959.00,3216332.75,3578173.00,6124003.00,1599.18,1446.00,2886.19,-0.60,4.00,3.40
6964.00,3224338.75,3585503.00,6138519.00,1601.18,1466.00,2903.19,0.40,4.00,3.40
6969.00,3232354.75,3592933.00,6153095.00,1603.18,1486.00,2915.19,0.40,4.00,2.40
6974.00,3240380.75,3600438.00,6167706.00,1605.18,1501.00,2922.19,0.40,3.00,1.40
6979.00,3248416.75,3608018.00,6182352.00,1607.18,1516.00,2929.19,0.40,3.00,1.40
6984.00,3256462.75,3615648.00,6197058.00,1609.18,1526.00,2941.19,0.40,2.00,2.40
6989.00,3264518.75,3623303.00,6211799.00,1611.18,1531.00,2948.19,0.40,1.00,1.40
6994.00,3272584.75,3630958.00,6226550.00,1613.18,1531.00,2950.19,0.40,0.00,0.40
7000.00,3282278.25,3640108.00,6244265.50,1615.58,1525.00,2952.59,0.40,-1.00,0.40
7005.00,3290266.25,3647883.00,6259013.50,1597.58,1555.00,2949.59,-3.60,6.00,-0.60
7010.00,3298189.25,3655683.00,6273696.50,1584.58,1560.00,2936.59,-2.60,1.00,-2.60
7016.00,3307675.25,3665151.00,6291294.50,1580.98,1578.00,2932.99,-0.60,3.00,-0.60
7021.00,3315515.25,3673141.00,6305994.50,1567.98,1598.00,2939.99,-2.60,4.00,1.40
7026.00,3323340.25,3681181.00,6320729.50,1564.98,1608.00,2946.99,-0.60,2.00,1.40
7031.00,3331175.25,3689196.00,6335449.50,1566.98,1603.00,2943.99,0.40,-1.00,-0.60
7036.00,3339020.25,3697211.00,6350204.50,1568.98,1603.00,2950.99,0.40,0.00,1.40
7042.00,3348484.50,3706793.00,6367889.00,1577.38,1597.00,2947.39,1.40,-1.00,-0.60
7047.00,3356431.50,3714753.00,6382611.00,1589.38,1592.00,2944.39,2.40,-1.00,-0.60
7052.00,3364463.50,3722688.00,6397368.00,1606.38,1587.00,2951.39,3.40,-1.00,1.40
7057.00,3372605.50,3730598.00,6412185.00,1628.38,1582.00,2963.39,4.40,-1.00,2.40
7062.00,3380857.50,3738508.00,6427087.00,1650.38,1582.00,2980.39,4.40,0.00,3.40
7067.00,3389219.50,3746393.00,6442074.00,1672.38,1577.00,2997.39,4.40,-1.00,3.40
7072.00,3397691.50,3754278.00,6457146.00,1694.38,1577.00,3014.39,4.40,0.00,3.40
7077.00,3406248.50,3762138.00,6472278.00,1711.38,1572.00,3026.39,3.40,-1.00,2.40
7083.00,3416567.25,3771642.00,6490630.50,1719.78,1584.00,3058.79,1.40,2.00,5.40
7088.00,3425201.25,3779612.00,6506009.50,1726.78,1594.00,3075.79,1.40,2.00,3.40
7093.00,3433845.25,3787607.00,6521423.50,1728.78,1599.00,3082.79,0.40,1.00,1.40
7098.00,3442474.25,3795577.00,6536872.50,1725.78,1594.00,3089.79,-0.60,-1.00,1.40
7103.00,3451088.25,3803597.00,6552331.50,1722.78,1604.00,3091.79,-0.60,2.00,0.40
7108.00,3459662.25,3811642.00,6567775.50,1714.78,1609.00,3088.79,-1.60,1.00,-0.60
7114.00,3469893.25,3821260.00,6586286.50,1705.18,1603.00,3085.19,-1.60,-1.00,-0.60
7119.00,3478379.25,3829225.00,6601647.50,1697.18,1593.00,3072.19,-1.60,-2.00,-2.60
7124.00,3486825.25,3837165.00,6616968.50,1689.18,1588.00,3064.19,-1.60,-1.00,-1.60
7130.00,3496938.75,3846657.00,6635368.00,1685.58,1582.00,3066.59,-0.60,-1.00,0.40
7135.00,3505376.75,3854567.00,6650736.00,1687.58,1582.00,3073.59,0.40,0.00,1.40
7140.00,3513824.75,3862502.00,6666139.00,1689.58,1587.00,3080.59,0.40,1.00,1.40
7145.00,3522282.75,3870487.00,6681577.00,1691.58,1597.00,3087.59,0.40,2.00,1.40
7150.00,3530750.75,3878497.00,6697075.00,1693.58,1602.00,3099.59,0.40,1.00,2.40
7155.00,3539228.75,3886507.00,6712583.00,1695.58,1602.00,3101.59,0.40,0.00,0.40
7160.00,3547741.75,3894592.00,6728151.00,1702.58,1617.00,3113.59,1.40,3.00,2.40
7165.00,3556289.75,3902702.00,6743754.00,1709.58,1622.00,3120.59,1.40,1.00,1.40
7171.00,3566597.75,3912434.00,6762492.00,1717.98,1622.00,3122.99,1.40,0.00,0.40
7176.00,3575222.75,3920519.00,6778117.00,1724.98,1617.00,3124.99,1.40,-1.00,0.40
7181.00,3583857.75,3928579.00,6793752.00,1726.98,1612.00,3126.99,0.40,-1.00,0.40
7186.00,3592527.75,3936639.00,6809397.00,1733.98,1612.00,3128.99,1.40,0.00,0.40
7191.00,3601232.75,3944724.00,6825052.00,1740.98,1617.00,3130.99,1.40,1.00,0.40
7196.00,3609972.75,3952834.00,6840717.00,1747.98,1622.00,3132.99,1.40,1.00,0.40
7201.00,3618722.75,3960969.00,6856417.00,1749.98,1627.00,3139.99,0.40,1.00,1.40
7206.00,3627507.75,3969129.00,6872127.00,1756.98,1632.00,3141.99,1.40,1.00,0.40
7212.00,3638064.00,3978993.00,6891029.50,1759.38,1644.00,3150.39,0.40,2.00,1.40
7217.00,3646871.00,3987263.00,6906816.50,1761.38,1654.00,3157.39,0.40,2.00,1.40
7222.00,3655688.00,3995558.00,6922638.50,1763.38,1659.00,3164.39,0.40,1.00,1.40
7227.00,3664540.00,4003853.00,6938445.50,1770.38,1659.00,3161.39,1.40,0.00,-0.60
7232.00,3673402.00,4012173.00,6954262.50,1772.38,1664.00,3163.39,0.40,1.00,0.40
7237.00,3682274.00,4020518.00,6970089.50,1774.38,1669.00,3165.39,0.40,1.00,0.40
7242.00,3691156.00,4028888.00,6985901.50,1776.38,1674.00,3162.39,0.40,1.00,-0.60
7247.00,3700023.00,4037258.00,7001723.50,1773.38,1674.00,3164.39,-0.60,0.00,0.40
7252.00,3708875.00,4045628.00,7017555.50,1770.38,1674.00,3166.39,-0.60,0.00,0.40
7258.00,3719511.75,4055708.00,7036568.00,1772.78,1680.00,3168.79,0.40,1.00,0.40
7264.00,3728360.75,4064133.00,7052422.00,1769.78,1685.00,3170.79,-0.60,1.00,0.40
7269.00,3737219.75,4072583.00,7068311.00,1771.78,1690.00,3177.79,0.40,1.00,1.40
7274.00,3746063.75,4081033.00,7084210.00,1768.78,1690.00,3179.79,-0.60,0.00,0.40
7279.00,3754892.75,4089508.00,7100119.00,1765.78,1695.00,3181.79,-0.60,1.00,0.40
7284.00,3763706.75,4098008.00,7116063.00,1762.78,1700.00,3188.79,-0.60,1.00,1.40
7289.00,3772505.75,4106508.00,7132042.00,1759.78,1700.00,3195.79,-0.60,0.00,1.40
7294.00,3781314.75,4115008.00,7148031.00,1761.78,1700.00,3197.79,0.40,0.00,0.40
7300.00,3791899.75,4125172.00,7167268.00,1764.18,1694.00,3206.19,0.40,-1.00,1.40
7305.00,3800730.75,4133617.00,7183309.00,1766.18,1689.00,3208.19,0.40,-1.00,0.40
7310.00,3809571.75,4142012.00,7199385.00,1768.18,1679.00,3215.19,0.40,-2.00,1.40
7315.00,3818447.75,4150357.00,7215496.00,1775.18,1669.00,3222.19,1.40,-2.00,1.40
7320.00,3827358.75,4158652.00,7231617.00,1782.18,1659.00,3224.19,1.40,-2.00,0.40
7325.00,3836279.75,4166897.00,7247748.00,1784.18,1649.00,3226.19,0.40,-2.00,0.40
7330.00,3845210.75,4175092.00,7263889.00,1786.18,1639.00,3228.19,0.40,-2.00,0.40
7335.00,3854151.75,4183237.00,7280040.00,1788.18,1629.00,3230.19,0.40,-2.00,0.40
7341.00,3864895.25,4192975.00,7299435.50,1790.58,1623.00,3232.59,0.40,-1.00,0.40
7346.00,3873858.25,4201065.00,7315608.50,1792.58,1618.00,3234.59,0.40,-1.00,0.40
7351.00,3882831.25,4209130.00,7331791.50,1794.58,1613.00,3236.59,0.40,-1.00,0.40
7356.00,3891839.25,4217195.00,7347984.50,1801.58,1613.00,3238.59,1.40,0.00,0.40
7361.00,3900857.25,4225260.00,7364187.50,1803.58,1613.00,3240.59,0.40,0.00,0.40
7366.00,3909885.25,4233350.00,7380400.50,1805.58,1618.00,3242.59,0.40,1.00,0.40
7371.00,3918923.25,4241465.00,7396623.50,1807.58,1623.00,3244.59,0.40,1.00,0.40
7376.00,3927971.25,4249605.00,7412856.50,1809.58,1628.00,3246.59,0.40,1.00,0.40
7383.00,3938843.25,4259445.00,7432350.50,1811.98,1640.00,3248.99,0.40,2.00,0.40
7388.00,3947913.25,4267695.00,7448605.50,1813.98,1650.00,3250.99,0.40,2.00,0.40
7393.00,3956993.25,4275995.00,7464870.50,1815.98,1660.00,3252.99,0.40,2.00,0.40
7398.00,3966083.25,4284345.00,7481145.50,1817.98,1670.00,3254.99,0.40,2.00,0.40
7403.00,3975183.25,4292745.00,7497430.50,1819.98,1680.00,3256.99,0.40,2.00,0.40
7408.00,3984293.25,4301195.00,7513725.50,1821.98,1690.00,3258.99,0.40,2.00,0.40
7413.00,3993388.25,4309695.00,7530030.50,1818.98,1700.00,3260.99,-0.60,2.00,0.40
7418.00,4002468.25,4318245.00,7546345.50,1815.98,1710.00,3262.99,-0.60,2.00,0.40
7424.00,4013342.50,4328577.00,7565938.00,1812.38,1722.00,3265.39,-0.60,2.00,0.40
7429.00,4022389.50,4337237.00,7582275.00,1809.38,1732.00,3267.39,-0.60,2.00,0.40
7434.00,4031446.50,4345922.00,7598647.00,1811.38,1737.00,3274.39,0.40,1.00,1.40
7439.00,4040513.50,4354632.00,7615029.00,1813.38,1742.00,3276.39,0.40,1.00,0.40
7444.00,4049590.50,4363367.00,7631421.00,1815.38,1747.00,3278.39,0.40,1.00,0.40
7449.00,4058652.50,4372102.00,7647823.00,1812.38,1747.00,3280.39,-0.60,0.00,0.40
7454.00,4067724.50,4380837.00,7664235.00,1814.38,1747.00,3282.39,0.40,0.00,0.40
7459.00,4076806.50,4389572.00,7680657.00,1816.38,1747.00,3284.39,0.40,0.00,0.40
7464.00,4085898.50,4398282.00,7697089.00,1818.38,1742.00,3286.39,0.40,-1.00,0.40
7470.00,4096823.25,4408698.00,7716821.50,1820.78,1736.00,3288.79,0.40,-1.00,0.40
7475.00,4105937.25,4417328.00,7733250.50,1822.78,1726.00,3285.79,0.40,-2.00,-0.60
7480.00,4115086.25,4425908.00,7749689.50,1829.78,1716.00,3287.79,1.40,-2.00,0.40
7485.00,4124245.25,4434438.00,7766138.50,1831.78,1706.00,3289.79,0.40,-2.00,0.40
7490.00,4133414.25,4442943.00,7782597.50,1833.78,1701.00,3291.79,0.40,-1.00,0.40
7495.00,4142593.25,4451423.00,7799066.50,1835.78,1696.00,3293.79,0.40,-1.00,0.40
7501.00,4151782.25,4459878.00,7815545.50,1837.78,1691.00,3295.79,0.40,-1.00,0.40
7506.00,4160981.25,4468308.00,7832034.50,1839.78,1686.00,3297.79,0.40,-1.00,0.40
7512.00,4172034.25,4478424.00,7851835.50,1842.18,1686.00,3300.19,0.40,0.00,0.40
7517.00,4181255.25,4486829.00,7868346.50,1844.18,1681.00,3302.19,0.40,-1.00,0.40
7522.00,4190486.25,4495234.00,7884867.50,1846.18,1681.00,3304.19,0.40,0.00,0.40
7527.00,4199727.00,4503639.00,7901398.50,1848.18,1681.00,3306.19,0.40,0.00,0.40
7532.00,4208978.00,4512044.00,7917939.50,1850.18,1681.00,3308.19,0.40,0.00,0.40
7537.00,4218239.00,4520449.00,7934490.50,1852.18,1681.00,3310.19,0.40,0.00,0.40
7542.00,4227510.00,4528854.00,7951051.50,1854.18,1681.00,3312.19,0.40,0.00,0.40
7547.00,4236791.00,4537259.00,7967622.50,1856.18,1681.00,3314.19,0.40,0.00,0.40
7553.00,4247942.50,4547345.00,7987522.00,1858.58,1681.00,3316.59,0.40,0.00,0.40
7558.00,4257245.50,4555750.00,8004115.00,1860.58,1681.00,3318.59,0.40,0.00,0.40
7563.00,4266558.50,4564155.00,8020718.00,1862.58,1681.00,3320.59,0.40,0.00,0.40
7568.00,4275881.50,4572560.00,8037331.00,1864.58,1681.00,3322.59,0.40,0.00,0.40
7573.00,4285214.50,4580965.00,8053979.00,1866.58,1681.00,3329.59,0.40,0.00,1.40
7578.00,4294557.50,4589370.00,8070637.00,1868.58,1681.00,3331.59,0.40,0.00,0.40
7583.00,4303910.50,4597775.00,8087305.00,1870.58,1681.00,3333.59,0.40,0.00,0.40
7588.00,4313273.50,4606180.00,8103983.00,1872.58,1681.00,3335.59,0.40,0.00,0.40
7593.00,4322646.50,4614585.00,8120671.00,1874.58,1681.00,3337.59,0.40,0.00,0.40
7599.00,4333908.50,4624671.00,8140711.00,1876.98,1681.00,3339.99,0.40,0.00,0.40
7604.00,4343328.50,4633076.00,8157421.00,1883.98,1681.00,3341.99,1.40,0.00,0.40
7609.00,4352758.50,4641481.00,8174166.00,1885.98,1681.00,3348.99,0.40,0.00,1.40
7614.00,4362198.50,4649911.00,8190921.00,1887.98,1686.00,3350.99,0.40,1.00,0.40
7619.00,4371648.50,4658366.00,8207686.00,1889.98,1691.00,3352.99,0.40,1.00,0.40
7624.00,4381108.50,4666846.00,8224461.00,1891.98,1696.00,3354.99,0.40,1.00,0.40
7629.00,4390578.50,4675351.00,8241246.00,1893.98,1701.00,3356.99,0.40,1.00,0.40
7634.00,4400058.50,4683906.00,8258041.00,1895.98,1711.00,3358.99,0.40,2.00,0.40
7640.00,4411449.00,4694244.00,8278209.50,1898.38,1723.00,3361.39,0.40,2.00,0.40
7645.00,4420951.00,4702909.00,8295051.50,1900.38,1733.00,3368.39,0.40,2.00,1.40
7650.00,4430438.00,4711624.00,8311903.50,1897.38,1743.00,3370.39,-0.60,2.00,0.40
7655.00,4439935.00,4720389.00,8328765.50,1899.38,1753.00,3372.39,0.40,2.00,0.40
7660.00,4449442.00,4729179.00,8345637.50,1901.38,1758.00,3374.39,0.40,1.00,0.40
7665.00,4458959.00,4738019.00,8362519.50,1903.38,1768.00,3376.39,0.40,2.00,0.40
7670.00,4468461.00,4746884.00,8379436.50,1900.38,1773.00,3383.39,-0.60,1.00,1.40
7675.00,4477948.00,4755774.00,8396338.00,1897.38,1778.00,3380.39,-0.60,1.00,-0.60
7681.00,4489346.50,4766514.00,8416671.00,1899.78,1790.00,3388.79,0.40,2.00,1.40
7686.00,4498880.50,4775464.00,8433600.00,1906.78,1790.00,3385.79,1.40,0.00,-0.60
7691.00,4508424.50,4784414.00,8450539.00,1908.78,1790.00,3387.79,0.40,0.00,0.40
7696.00,4517978.50,4793364.00,8467513.00,1910.78,1790.00,3394.79,0.40,0.00,1.40
7701.00,4527542.50,4802289.00,8484497.00,1912.78,1785.00,3396.79,0.40,-1.00,0.40
7706.00,4537091.50,4811189.00,8501491.00,1909.78,1780.00,3398.79,-0.60,-1.00,0.40
7711.00,4546650.50,4820064.00,8518495.00,1911.78,1775.00,3400.79,0.40,-1.00,0.40
7716.00,4556219.50,4828889.00,8535509.00,1913.78,1765.00,3402.79,0.40,-2.00,0.40
7721.00,4565798.50,4837664.00,8552533.00,1915.78,1755.00,3404.79,0.40,-2.00,0.40
7727.00,4577307.50,4848122.00,8573012.00,1918.18,1743.00,3413.19,0.40,-2.00,1.40
7732.00,4586908.50,4856762.00,8590063.00,1920.18,1728.00,3410.19,0.40,-3.00,-0.60
7737.00,4596519.50,4865352.00,8607124.00,1922.18,1718.00,3412.19,0.40,-2.00,0.40
7742.00,4606140.50,4873892.00,8624195.00,1924.18,1708.00,3414.19,0.40,-2.00,0.40
7747.00,4615771.50,4882382.00,8641301.00,1926.18,1698.00,3421.19,0.40,-2.00,1.40
7752.00,4625412.50,4890847.00,8658442.00,1928.18,1693.00,3428.19,0.40,-1.00,1.40
7757.00,4635063.50,4899312.00,8675618.00,1930.18,1693.00,3435.19,0.40,0.00,1.40
7762.00,4644724.50,4907777.00,8692829.00,1932.18,1693.00,3442.19,0.40,0.00,1.40
7768.00,4656332.00,4917971.00,8713497.00,1934.58,1699.00,3444.59,0.40,1.00,0.40
7773.00,4666015.00,4926491.00,8730705.00,1936.58,1704.00,3441.59,0.40,1.00,-0.60
7778.00,4675708.00,4935036.00,8747923.00,1938.58,1709.00,3443.59,0.40,1.00,0.40
7783.00,4685411.00,4943606.00,8765151.00,1940.58,1714.00,3445.59,0.40,1.00,0.40
7788.00,4695124.00,4952226.00,8782389.00,1942.58,1724.00,3447.59,0.40,2.00,0.40
7793.00,4704847.00,4960896.00,8799637.00,1944.58,1734.00,3449.59,0.40,2.00,0.40
7798.00,4714580.00,4969641.00,8816895.00,1946.58,1749.00,3451.59,0.40,3.00,0.40
7803.00,4724323.00,4978461.00,8834163.00,1948.58,1764.00,3453.59,0.40,3.00,0.40
7809.00,4736029.00,4989117.00,8854899.00,1950.98,1776.00,3455.99,0.40,2.00,0.40
7814.00,4745769.00,4998047.00,8872189.00,1947.98,1786.00,3457.99,-0.60,2.00,0.40
7819.00,4755494.00,5007027.00,8889489.00,1944.98,1796.00,3459.99,-0.60,2.00,0.40
7824.00,4765229.00,5016057.00,8906799.00,1946.98,1806.00,3461.99,0.40,2.00,0.40
7829.00,4774974.00,5025112.00,8924119.00,1948.98,1811.00,3463.99,0.40,1.00,0.40
7834.00,4784729.00,5034167.00,8941424.00,1950.98,1811.00,3460.99,0.40,0.00,-0.60
7839.00,4794494.00,5043222.00,8958714.00,1952.98,1811.00,3457.99,0.40,0.00,-0.60
7844.00,4804269.00,5052252.00,8975989.00,1954.98,1806.00,3454.99,0.40,-1.00,-0.60
7849.00,4814054.00,5061257.00,8993274.00,1956.98,1801.00,3456.99,0.40,-1.00,0.40
7855.00,4825810.50,5071991.00,9014030.00,1959.38,1789.00,3459.39,0.40,-2.00,0.40
7860.00,4835617.50,5080886.00,9031312.00,1961.38,1779.00,3456.39,0.40,-2.00,-0.60
7865.00,4845434.50,5089731.00,9048579.00,1963.38,1769.00,3453.39,0.40,-2.00,-0.60
7871.00,4857229.00,5100237.00,9069314.00,1965.78,1751.00,3455.79,0.40,-3.00,0.40
7876.00,4867068.00,5108917.00,9086603.00,1967.78,1736.00,3457.79,0.40,-3.00,0.40
7881.00,4876917.00,5117522.00,9103877.00,1969.78,1721.00,3454.79,0.40,-3.00,-0.60
7886.00,4886776.00,5126027.00,9121136.00,1971.78,1701.00,3451.79,0.40,-4.00,-0.60
7891.00,4896645.00,5134432.00,9138380.00,1973.78,1681.00,3448.79,0.40,-4.00,-0.60
7897.00,4908538.00,5144374.00,9159051.00,1982.18,1657.00,3445.19,1.40,-4.00,-0.60
7902.00,4918459.00,5152609.00,9176262.00,1984.18,1647.00,3442.19,0.40,-2.00,-0.60
7907.00,4928390.00,5160794.00,9193483.00,1986.18,1637.00,3444.19,0.40,-2.00,0.40
7912.00,4938331.00,5168954.00,9210739.00,1988.18,1632.00,3451.19,0.40,-1.00,1.40
7917.00,4948282.00,5177114.00,9228030.00,1990.18,1632.00,3458.19,0.40,0.00,1.40
7922.00,4958243.00,5185274.00,9245356.00,1992.18,1632.00,3465.19,0.40,0.00,1.40
7927.00,4968214.00,5193459.00,9262717.00,1994.18,1637.00,3472.19,0.40,1.00,1.40
7932.00,4978195.00,5201669.00,9280113.00,1996.18,1642.00,3479.19,0.40,1.00,1.40
7938.00,4990186.50,5211521.00,9301003.00,1998.58,1642.00,3481.59,0.40,0.00,0.40
7943.00,5000189.50,5219731.00,9318421.00,2000.58,1642.00,3483.59,0.40,0.00,0.40
7948.00,5010202.50,5227966.00,9335849.00,2002.58,1647.00,3485.59,0.40,1.00,0.40
7953.00,5020225.50,5236251.00,9353287.00,2004.58,1657.00,3487.59,0.40,2.00,0.40
7958.00,5030258.50,5244586.00,9370735.00,2006.58,1667.00,3489.59,0.40,2.00,0.40
7963.00,5040301.50,5252896.00,9388168.00,2008.58,1662.00,3486.59,0.40,-1.00,-0.60
7968.00,5050354.50,5261181.00,9405586.00,2010.58,1657.00,3483.59,0.40,-1.00,-0.60
7973.00,5060417.50,5269466.00,9423014.00,2012.58,1657.00,3485.59,0.40,0.00,0.40
7979.00,5072507.50,5279480.00,9443942.00,2014.98,1669.00,3487.98,0.40,2.00,0.40
7984.00,5082592.50,5287875.00,9461392.00,2016.98,1679.00,3489.98,0.40,2.00,0.40
7989.00,5092687.50,5296345.00,9478877.00,2018.98,1694.00,3496.98,0.40,3.00,1.40
7994.00,5102767.50,5304865.00,9496397.00,2015.98,1704.00,3503.98,-0.60,2.00,1.40
7999.00,5112832.50,5313435.00,9513927.00,2012.98,1714.00,3505.98,-0.60,2.00,0.40
8004.00,5122882.50,5322055.00,9531467.00,2009.98,1724.00,3507.98,-0.60,2.00,0.40
8009.00,5132917.50,5330725.00,9549017.00,2006.98,1734.00,3509.98,-0.60,2.00,0.40
8014.00,5142962.50,5339420.00,9566602.00,2008.98,1739.00,3516.98,0.40,1.00,1.40
8019.00,5153017.50,5348115.00,9584197.00,2010.98,1739.00,3518.98,0.40,0.00,0.40
8025.00,5165062.00,5358549.00,9605361.00,2007.38,1739.00,3527.38,-0.60,0.00,1.40
8030.00,5175084.00,5367219.00,9623008.00,2004.38,1734.00,3529.38,-0.60,-1.00,0.40
8035.00,5185091.00,5375864.00,9640665.00,2001.38,1729.00,3531.38,-0.60,-1.00,0.40
8040.00,5195083.00,5384484.00,9658307.00,1998.38,1724.00,3528.38,-0.60,-1.00,-0.60
8045.00,5205060.00,5393104.00,9675959.00,1995.38,1724.00,3530.38,-0.60,0.00,0.40
8050.00,5215047.00,5401724.00,9693646.00,1997.38,1724.00,3537.38,0.40,0.00,1.40
8055.00,5225069.00,5410319.00,9711368.00,2004.38,1719.00,3544.38,1.40,-1.00,1.40
8060.00,5235126.00,5418864.00,9729075.00,2011.38,1709.00,3541.38,1.40,-2.00,-0.60
8066.00,5247244.50,5429010.00,9750302.00,2019.78,1691.00,3537.78,1.40,-3.00,-0.60
8071.00,5257378.50,5437415.00,9767976.00,2026.78,1681.00,3534.78,1.40,-2.00,-0.60
8076.00,5267522.50,5445820.00,9785685.00,2028.78,1681.00,3541.78,0.40,0.00,1.40
8081.00,5277701.50,5454250.00,9803429.00,2035.78,1686.00,3548.78,1.40,1.00,1.40
8086.00,5287890.50,5462730.00,9821208.00,2037.78,1696.00,3555.78,0.40,2.00,1.40
8091.00,5298089.50,5471235.00,9839022.00,2039.78,1701.00,3562.78,0.40,1.00,1.40
8096.00,5308298.50,5479765.00,9856871.00,2041.78,1706.00,3569.78,0.40,1.00,1.40
8101.00,5318517.50,5488295.00,9874730.00,2043.78,1706.00,3571.78,0.40,0.00,0.40
8107.00,5330794.50,5498495.00,9896175.00,2046.18,1700.00,3574.18,0.40,-1.00,0.40
8112.00,5341035.50,5506970.00,9914056.00,2048.18,1695.00,3576.18,0.40,-1.00,0.40
8117.00,5351286.50,5515420.00,9931922.00,2050.18,1690.00,3573.18,0.40,-1.00,-0.60
8122.00,5361547.50,5523845.00,9949773.00,2052.18,1685.00,3570.18,0.40,-1.00,-0.60
8127.00,5371793.50,5532220.00,9967634.00,2049.18,1675.00,3572.18,-0.60,-2.00,0.40
8133.00,5382024.50,5540595.00,9985480.00,2046.18,1675.00,3569.18,-0.60,0.00,-0.60
8138.00,5392265.50,5548945.00,10003336.00,2048.18,1670.00,3571.18,0.40,-1.00,0.40
8143.00,5402516.50,5557270.00,10021177.00,2050.18,1665.00,3568.18,0.40,-1.00,-0.60
8148.00,5412777.50,5565595.00,10039028.00,2052.18,1665.00,3570.18,0.40,0.00,0.40
8154.00,5425105.00,5575585.00,10060464.00,2054.58,1665.00,3572.58,0.40,0.00,0.40
8159.00,5435388.00,5583935.00,10078362.00,2056.58,1670.00,3579.58,0.40,1.00,1.40
8164.00,5445681.00,5592310.00,10096270.00,2058.58,1675.00,3581.58,0.40,1.00,0.40
8169.00,5455984.00,5600710.00,10114188.00,2060.58,1680.00,3583.58,0.40,1.00,0.40
8174.00,5466297.00,5609135.00,10132116.00,2062.58,1685.00,3585.58,0.40,1.00,0.40
8179.00,5476620.00,5617585.00,10150079.00,2064.58,1690.00,3592.58,0.40,1.00,1.40
8184.00,5486953.00,5626060.00,10168052.00,2066.58,1695.00,3594.58,0.40,1.00,0.40
8189.00,5497296.00,5634585.00,10186060.00,2068.58,1705.00,3601.58,0.40,2.00,1.40
8195.00,5509722.00,5644887.00,10207720.00,2070.98,1717.00,3609.98,0.40,2.00,1.40
8200.00,5520087.00,5653547.00,10225805.00,2072.98,1732.00,3616.98,0.40,3.00,1.40
8205.00,5530487.00,5662257.00,10243925.00,2079.98,1742.00,3623.98,1.40,2.00,1.40
8210.00,5540897.00,5671017.00,10262080.00,2081.98,1752.00,3630.98,0.40,2.00,1.40
8215.00,5551317.00,5679802.00,10280270.00,2083.98,1757.00,3637.98,0.40,1.00,1.40
8220.00,5561747.00,5688612.00,10298445.00,2085.98,1762.00,3634.98,0.40,1.00,-0.60
8225.00,5572187.00,5697447.00,10316630.00,2087.98,1767.00,3636.98,0.40,1.00,0.40
8230.00,5582637.00,5706307.00,10334825.00,2089.98,1772.00,3638.98,0.40,1.00,0.40
8236.00,5595227.50,5717011.00,10356709.00,2098.38,1784.00,3647.38,1.40,2.00,1.40
8241.00,5605729.50,5725981.00,10374981.00,2100.38,1794.00,3654.38,0.40,2.00,1.40
8246.00,5616241.50,5735001.00,10393288.00,2102.38,1804.00,3661.38,0.40,2.00,1.40
8252.00,5626763.50,5744021.00,10411605.00,2104.38,1804.00,3663.38,0.40,0.00,0.40
8257.00,5637295.50,5753041.00,10429932.00,2106.38,1804.00,3665.38,0.40,0.00,0.40
8262.00,5647837.50,5762061.00,10448244.00,2108.38,1804.00,3662.38,0.40,0.00,-0.60
8267.00,5658364.50,5771056.00,10466541.00,2105.38,1799.00,3659.38,-0.60,-1.00,-0.60
8272.00,5668876.50,5780001.00,10484823.00,2102.38,1789.00,3656.38,-0.60,-2.00,-0.60
8278.00,5681469.00,5790663.00,10506740.00,2098.78,1777.00,3652.78,-0.60,-2.00,-0.60
8283.00,5691973.00,5799498.00,10524989.00,2100.78,1767.00,3649.78,0.40,-2.00,-0.60
8288.00,5702487.00,5808308.00,10543248.00,2102.78,1762.00,3651.78,0.40,-1.00,0.40
8293.00,5713011.00,5817093.00,10561517.00,2104.78,1757.00,3653.78,0.40,-1.00,0.40
8298.00,5723545.00,5825853.00,10579821.00,2106.78,1752.00,3660.78,0.40,-1.00,1.40
8303.00,5734089.00,5834563.00,10598135.00,2108.78,1742.00,3662.78,0.40,-2.00,0.40
8308.00,5744643.00,5843223.00,10616459.00,2110.78,1732.00,3664.78,0.40,-2.00,0.40
8313.00,5755207.00,5851858.00,10634793.00,2112.78,1727.00,3666.78,0.40,-1.00,0.40
8318.00,5765781.00,5860468.00,10653112.00,2114.78,1722.00,3663.78,0.40,-1.00,-0.60
8324.00,5778484.00,5870764.00,10675109.00,2117.18,1716.00,3666.18,0.40,-1.00,0.40
8329.00,5789080.00,5879344.00,10693475.00,2119.18,1716.00,3673.18,0.40,0.00,1.40
8334.00,5799686.00,5887924.00,10711876.00,2121.18,1716.00,3680.18,0.40,0.00,1.40
8339.00,5810302.00,5896529.00,10730312.00,2123.18,1721.00,3687.18,0.40,1.00,1.40
8344.00,5820928.00,5905184.00,10748783.00,2125.18,1731.00,3694.18,0.40,2.00,1.40
8350.00,5831564.00,5913914.00,10767289.00,2127.18,1746.00,3701.18,0.40,3.00,1.40
8355.00,5842210.00,5922694.00,10785830.00,2129.18,1756.00,3708.18,0.40,2.00,1.40
8360.00,5852866.00,5931549.00,10804431.00,2131.18,1771.00,3720.18,0.40,3.00,2.40
8366.00,5865667.50,5942247.00,10826803.00,2133.58,1783.00,3728.58,0.40,2.00,1.40
8371.00,5876370.50,5951187.00,10845456.00,2140.58,1788.00,3730.58,1.40,1.00,0.40
8376.00,5887108.50,5960152.00,10864119.00,2147.58,1793.00,3732.58,1.40,1.00,0.40
8381.00,5897856.50,5969142.00,10882817.00,2149.58,1798.00,3739.58,0.40,1.00,1.40
8386.00,5908614.50,5978132.00,10901500.00,2151.58,1798.00,3736.58,0.40,0.00,-0.60
8391.00,5919382.50,5987147.00,10920193.00,2153.58,1803.00,3738.58,0.40,1.00,0.40
8396.00,5930160.50,5996187.00,10938896.00,2155.58,1808.00,3740.58,0.40,1.00,0.40
8401.00,5940948.50,6005252.00,10957609.00,2157.58,1813.00,3742.58,0.40,1.00,0.40
8407.00,5953908.50,6016166.00,10980115.00,2159.98,1819.00,3750.98,0.40,1.00,1.40
8412.00,5964718.50,6025261.00,10998905.00,2161.98,1819.00,3757.98,0.40,0.00,1.40
8417.00,5975538.50,6034356.00,11017705.00,2163.98,1819.00,3759.98,0.40,0.00,0.40
8422.00,5986368.50,6043426.00,11036490.00,2165.98,1814.00,3756.98,0.40,-1.00,-0.60
8427.00,5997208.50,6052471.00,11055260.00,2167.98,1809.00,3753.98,0.40,-1.00,-0.60
8432.00,6008058.50,6061516.00,11074065.00,2169.98,1809.00,3760.98,0.40,0.00,1.40
8437.00,6018918.50,6070561.00,11092905.00,2171.98,1809.00,3767.98,0.40,0.00,1.40
8442.00,6029788.50,6079606.00,11111755.00,2173.98,1809.00,3769.98,0.40,0.00,0.40
8448.00,6042847.00,6090460.00,11134389.00,2176.38,1809.00,3772.38,0.40,0.00,0.40
8454.00,6053739.00,6099505.00,11153261.00,2178.38,1809.00,3774.38,0.40,0.00,0.40
8459.00,6064616.00,6108550.00,11172143.00,2175.38,1809.00,3776.38,-0.60,0.00,0.40
8464.00,6075478.00,6117595.00,11191035.00,2172.38,1809.00,3778.38,-0.60,0.00,0.40
8469.00,6086325.00,6126640.00,11209937.00,2169.38,1809.00,3780.38,-0.60,0.00,0.40
8474.00,6097157.00,6135685.00,11228849.00,2166.38,1809.00,3782.38,-0.60,0.00,0.40
8479.00,6107974.00,6144730.00,11247771.00,2163.38,1809.00,3784.38,-0.60,0.00,0.40
8484.00,6118801.00,6153775.00,11266678.00,2165.38,1809.00,3781.38,0.40,0.00,-0.60
8489.00,6129638.00,6162820.00,11285570.00,2167.38,1809.00,3778.38,0.40,0.00,-0.60
8495.00,6142656.50,6173674.00,11308255.00,2169.78,1809.00,3780.78,0.40,0.00,0.40
8500.00,6153515.50,6182719.00,11327144.00,2171.78,1809.00,3777.78,0.40,0.00,-0.60
8505.00,6164359.50,6191764.00,11346043.00,2168.78,1809.00,3779.78,-0.60,0.00,0.40
8510.00,6175213.50,6200809.00,11364952.00,2170.78,1809.00,3781.78,0.40,0.00,0.40
8515.00,6186077.50,6209829.00,11383871.00,2172.78,1804.00,3783.78,0.40,-1.00,0.40
8520.00,6196951.50,6218824.00,11402775.00,2174.78,1799.00,3780.78,0.40,-1.00,-0.60
8525.00,6207860.50,6227794.00,11421689.00,2181.78,1794.00,3782.78,1.40,-1.00,0.40
8530.00,6218779.50,6236739.00,11440613.00,2183.78,1789.00,3784.78,0.40,-1.00,0.40
8536.00,6231932.50,6247437.00,11463336.00,2192.18,1783.00,3787.18,1.40,-1.00,0.40
8541.00,6242928.50,6256327.00,11482282.00,2199.18,1778.00,3789.18,1.40,-1.00,0.40
8546.00,6253959.50,6265192.00,11501238.00,2206.18,1773.00,3791.18,1.40,-1.00,0.40
8551.00,6265000.50,6274032.00,11520204.00,2208.18,1768.00,3793.18,0.40,-1.00,0.40
8556.00,6276051.50,6282847.00,11539205.00,2210.18,1763.00,3800.18,0.40,-1.00,1.40
8562.00,6289363.00,6293389.00,11562021.00,2218.58,1757.00,3802.58,1.40,-1.00,0.40
8567.00,6300466.00,6302174.00,11581044.00,2220.58,1757.00,3804.58,0.40,0.00,0.40
8572.00,6311579.00,6310959.00,11600077.00,2222.58,1757.00,3806.58,0.40,0.00,0.40
8578.00,6324929.00,6321501.00,11622931.00,2224.98,1757.00,3808.98,0.40,0.00,0.40
8583.00,6336064.00,6330286.00,11641986.00,2226.98,1757.00,3810.98,0.40,0.00,0.40
8588.00,6347184.00,6339096.00,11661051.00,2223.98,1762.00,3812.98,-0.60,1.00,0.40
8593.00,6358289.00,6347931.00,11680126.00,2220.98,1767.00,3814.98,-0.60,1.00,0.40
8598.00,6369379.00,6356791.00,11699211.00,2217.98,1772.00,3816.98,-0.60,1.00,0.40
8603.00,6380454.00,6365676.00,11718306.00,2214.98,1777.00,3818.98,-0.60,1.00,0.40
8608.00,6391539.00,6374586.00,11737411.00,2216.98,1782.00,3820.98,0.40,1.00,0.40
8613.00,6402609.00,6383546.00,11756526.00,2213.98,1792.00,3822.98,-0.60,2.00,0.40
8619.00,6415907.50,6394370.00,11779478.00,2216.38,1804.00,3825.38,0.40,2.00,0.40
8624.00,6426999.50,6403440.00,11798615.00,2218.38,1814.00,3827.38,0.40,2.00,0.40
8629.00,6438101.50,6412560.00,11817787.00,2220.38,1824.00,3834.38,0.40,2.00,1.40
8634.00,6449213.50,6421730.00,11836994.00,2222.38,1834.00,3841.38,0.40,2.00,1.40
8639.00,6460335.50,6430925.00,11856211.00,2224.38,1839.00,3843.38,0.40,1.00,0.40
8644.00,6471467.50,6440145.00,11875438.00,2226.38,1844.00,3845.38,0.40,1.00,0.40
8649.00,6482609.50,6449415.00,11894675.00,2228.38,1854.00,3847.38,0.40,2.00,0.40
8654.00,6493736.50,6458735.00,11913972.00,2225.38,1864.00,3859.38,-0.60,2.00,2.40
8659.00,6504848.50,6468080.00,11933304.00,2222.38,1869.00,3866.38,-0.60,1.00,1.40
8666.00,6520425.00,6481163.00,11960388.00,2225.18,1869.00,3869.18,0.40,0.00,0.40
8671.00,6531561.00,6490533.00,11979769.00,2227.18,1874.00,3876.18,0.40,1.00,1.40
8676.00,6542707.00,6499903.00,11999160.00,2229.18,1874.00,3878.18,0.40,0.00,0.40
8681.00,6553863.00,6509248.00,12018561.00,2231.18,1869.00,3880.18,0.40,-1.00,0.40
8686.00,6565029.00,6518568.00,12037972.00,2233.18,1864.00,3882.18,0.40,-1.00,0.40
8691.00,6576205.00,6527863.00,12057418.00,2235.18,1859.00,3889.18,0.40,-1.00,1.40
8696.00,6587391.00,6537133.00,12076899.00,2237.18,1854.00,3896.18,0.40,-1.00,1.40
8701.00,6598612.00,6546353.00,12096390.00,2244.18,1844.00,3898.18,1.40,-2.00,0.40
8707.00,6612127.50,6557345.00,12119794.00,2252.58,1832.00,3900.58,1.40,-2.00,0.40
8712.00,6623425.50,6566455.00,12139307.00,2259.58,1822.00,3902.58,1.40,-2.00,0.40
8717.00,6634758.50,6575515.00,12158830.00,2266.58,1812.00,3904.58,1.40,-2.00,0.40
8722.00,6646101.50,6584525.00,12178363.00,2268.58,1802.00,3906.58,0.40,-2.00,0.40
8727.00,6657454.50,6593485.00,12197906.00,2270.58,1792.00,3908.58,0.40,-2.00,0.40
8732.00,6668817.50,6602420.00,12217459.00,2272.58,1787.00,3910.58,0.40,-1.00,0.40
8737.00,6680190.50,6611330.00,12237022.00,2274.58,1782.00,3912.58,0.40,-1.00,0.40
8742.00,6691573.50,6620240.00,12256595.00,2276.58,1782.00,3914.58,0.40,0.00,0.40
8748.00,6705247.50,6630932.00,12280097.00,2278.98,1782.00,3916.98,0.40,0.00,0.40
8753.00,6716652.50,6639867.00,12299692.00,2280.98,1787.00,3918.98,0.40,1.00,0.40
8759.00,6730353.00,6650625.00,12323220.00,2283.38,1793.00,3921.38,0.40,1.00,0.40
8764.00,6741780.00,6659590.00,12342837.00,2285.38,1793.00,3923.38,0.40,0.00,0.40
8769.00,6753217.00,6668580.00,12362489.00,2287.38,1798.00,3930.38,0.40,1.00,1.40
8774.00,6764664.00,6677595.00,12382126.00,2289.38,1803.00,3927.38,0.40,1.00,-0.60
8779.00,6776121.00,6686635.00,12401748.00,2291.38,1808.00,3924.38,0.40,1.00,-0.60
8784.00,6787563.00,6695700.00,12421430.00,2288.38,1813.00,3936.38,-0.60,1.00,2.40
8790.00,6801271.50,6706614.00,12445063.00,2284.78,1819.00,3938.78,-0.60,1.00,0.40
8795.00,6812705.50,6715734.00,12464717.00,2286.78,1824.00,3930.78,0.40,1.00,-1.60
8800.00,6824149.50,6724904.00,12484381.00,2288.78,1834.00,3932.78,0.40,2.00,0.40
8805.00,6835603.50,6734149.00,12504080.00,2290.78,1849.00,3939.78,0.40,3.00,1.40
8810.00,6847042.50,6743444.00,12523789.00,2287.78,1859.00,3941.78,-0.60,2.00,0.40
8815.00,6858491.50,6752764.00,12543508.00,2289.78,1864.00,3943.78,0.40,1.00,0.40
8820.00,6869975.50,6762109.00,12563237.00,2296.78,1869.00,3945.78,1.40,1.00,0.40
8825.00,6881469.50,6771479.00,12582976.00,2298.78,1874.00,3947.78,0.40,1.00,0.40
8830.00,6892973.50,6780874.00,12602750.00,2300.78,1879.00,3954.78,0.40,1.00,1.40
8836.00,6906792.50,6792184.00,12626529.00,2303.18,1885.00,3963.18,0.40,1.00,1.40
8841.00,6918318.50,6801634.00,12646380.00,2305.18,1890.00,3970.18,0.40,1.00,1.40
8846.00,6929854.50,6811109.00,12666241.00,2307.18,1895.00,3972.18,0.40,1.00,0.40
8852.00,6943712.00,6822515.00,12690124.00,2309.58,1901.00,3980.58,0.40,1.00,1.40
8857.00,6955270.00,6832020.00,12710037.00,2311.58,1901.00,3982.58,0.40,0.00,0.40
8862.00,6966863.00,6841525.00,12729985.00,2318.58,1901.00,3989.58,1.40,0.00,1.40
8867.00,6978466.00,6851030.00,12749943.00,2320.58,1901.00,3991.58,0.40,0.00,0.40
8872.00,6990079.00,6860535.00,12769911.00,2322.58,1901.00,3993.58,0.40,0.00,0.40
8878.00,7004029.00,6871941.00,12793887.00,2324.98,1901.00,3995.98,0.40,0.00,0.40
8883.00,7015664.00,6881421.00,12813877.00,2326.98,1896.00,3997.98,0.40,-1.00,0.40
8888.00,7027309.00,6890876.00,12833877.00,2328.98,1891.00,3999.98,0.40,-1.00,0.40
8893.00,7038964.00,6900306.00,12853887.00,2330.98,1886.00,4001.98,0.40,-1.00,0.40
8898.00,7050629.00,6909711.00,12873907.00,2332.98,1881.00,4003.98,0.40,-1.00,0.40
8903.00,7062279.00,6919091.00,12893937.00,2329.98,1876.00,4005.98,-0.60,-1.00,0.40
8908.00,7073914.00,6928446.00,12913977.00,2326.98,1871.00,4007.98,-0.60,-1.00,0.40
8913.00,7085534.00,6937776.00,12934027.00,2323.98,1866.00,4009.98,-0.60,-1.00,0.40
8919.00,7099456.50,6948936.00,12958101.00,2320.38,1860.00,4012.38,-0.60,-1.00,0.40
8924.00,7111043.50,6958211.00,12978173.00,2317.38,1855.00,4014.38,-0.60,-1.00,0.40
8929.00,7122615.50,6967461.00,12998255.00,2314.38,1850.00,4016.38,-0.60,-1.00,0.40
8934.00,7134172.50,6976661.00,13018347.00,2311.38,1840.00,4018.38,-0.60,-2.00,0.40
8939.00,7145739.50,6985836.00,13038449.00,2313.38,1835.00,4020.38,0.40,-1.00,0.40
8944.00,7157316.50,6994986.00,13058561.00,2315.38,1830.00,4022.38,0.40,-1.00,0.40
8949.00,7168903.50,7004111.00,13078683.00,2317.38,1825.00,4024.38,0.40,-1.00,0.40
8955.00,7182822.00,7015025.00,13102844.00,2319.78,1819.00,4026.78,0.40,-1.00,0.40
8961.00,7196755.00,7025903.00,13127019.00,2322.18,1813.00,4029.18,0.40,-1.00,0.40
8966.00,7208376.00,7034943.00,13147175.00,2324.18,1808.00,4031.18,0.40,-1.00,0.40
8971.00,7220007.00,7043983.00,13167341.00,2326.18,1808.00,4033.18,0.40,0.00,0.40
8976.00,7231648.00,7053023.00,13187517.00,2328.18,1808.00,4035.18,0.40,0.00,0.40
8981.00,7243299.00,7062088.00,13207703.00,2330.18,1813.00,4037.18,0.40,1.00,0.40
8986.00,7254985.00,7071178.00,13227899.00,2337.18,1818.00,4039.18,1.40,1.00,0.40
8991.00,7266681.00,7080318.00,13248130.00,2339.18,1828.00,4046.18,0.40,2.00,1.40
8996.00,7278412.00,7089508.00,13268346.00,2346.18,1838.00,4043.18,1.40,2.00,-0.60
9001.00,7290178.00,7098773.00,13288572.00,2353.18,1853.00,4045.18,1.40,3.00,0.40
9007.00,7304347.50,7110035.00,13312929.00,2361.58,1877.00,4059.58,1.40,4.00,2.40
9012.00,7316190.50,7119520.00,13333312.00,2368.58,1897.00,4076.58,1.40,4.00,3.40
9017.00,7328068.50,7129105.00,13353705.00,2375.58,1917.00,4078.58,1.40,4.00,0.40
9022.00,7339981.50,7138765.00,13374108.00,2382.58,1932.00,4080.58,1.40,3.00,0.40
9027.00,7351929.50,7148550.00,13394546.00,2389.58,1957.00,4087.58,1.40,5.00,1.40
9032.00,7363887.50,7158435.00,13415019.00,2391.58,1977.00,4094.58,0.40,4.00,1.40
9037.00,7375855.50,7168370.00,13435502.00,2393.58,1987.00,4096.58,0.40,2.00,0.40
9042.00,7387858.50,7178330.00,13455995.00,2400.58,1992.00,4098.58,1.40,1.00,0.40
9049.00,7402276.50,7190282.00,13480601.00,2402.98,1992.00,4100.98,0.40,0.00,0.40
9054.00,7414326.50,7200242.00,13501091.00,2409.98,1992.00,4097.98,1.40,0.00,-0.60
9059.00,7426386.50,7210227.00,13521591.00,2411.98,1997.00,4099.98,0.40,1.00,0.40
9064.00,7438456.50,7220212.00,13542101.00,2413.98,1997.00,4101.98,0.40,0.00,0.40
9069.00,7450536.50,7230172.00,13562621.00,2415.98,1992.00,4103.98,0.40,-1.00,0.40
9074.00,7462626.50,7240107.00,13583176.00,2417.98,1987.00,4110.98,0.40,-1.00,1.40
9079.00,7474726.50,7250017.00,13603741.00,2419.98,1982.00,4112.98,0.40,-1.00,0.40
9084.00,7486836.50,7259902.00,13624316.00,2421.98,1977.00,4114.98,0.40,-1.00,0.40
9090.00,7501383.00,7271728.00,13649020.00,2424.38,1971.00,4117.38,0.40,-1.00,0.40
9095.00,7513515.00,7281558.00,13669592.00,2426.38,1966.00,4114.38,0.40,-1.00,-0.60
9100.00,7525632.00,7291363.00,13690174.00,2423.38,1961.00,4116.38,-0.60,-1.00,0.40
9105.00,7537734.00,7301168.00,13710766.00,2420.38,1961.00,4118.38,-0.60,
